540 0 0 162 2.5 1040 676 28 79.986
540 0 0 162 2.5 1055 676 28 61.887
332.5 142.5 0 228 0 932 594 270 40.27
332.5 142.5 0 228 0 932 594 365 41.053
198.6 132.4 0 192 0 978.4 825.5 360 44.296
266 114 0 228 0 932 670 90 47.03
380 95 0 228 0 932 594 365 43.698
380 95 0 228 0 932 594 28 36.448
266 114 0 228 0 932 670 28 45.854
475 0 0 228 0 932 594 28 39.29
198.6 132.4 0 192 0 978.4 825.5 90 38.074
198.6 132.4 0 192 0 978.4 825.5 28 28.022
427.5 47.5 0 228 0 932 594 270 43.013
190 190 0 228 0 932 670 90 42.327
304 76 0 228 0 932 670 28 47.814
380 0 0 228 0 932 670 90 52.908
139.6 209.4 0 192 0 1047 806.9 90 39.358
342 38 0 228 0 932 670 365 56.142
380 95 0 228 0 932 594 90 40.563
475 0 0 228 0 932 594 180 42.621
427.5 47.5 0 228 0 932 594 180 41.837
139.6 209.4 0 192 0 1047 806.9 28 28.237
139.6 209.4 0 192 0 1047 806.9 3 8.0634
139.6 209.4 0 192 0 1047 806.9 180 44.208
380 0 0 228 0 932 670 365 52.517
380 0 0 228 0 932 670 270 53.301
380 95 0 228 0 932 594 270 41.151
342 38 0 228 0 932 670 180 52.124
427.5 47.5 0 228 0 932 594 28 37.428
475 0 0 228 0 932 594 7 38.604
304 76 0 228 0 932 670 365 55.26
266 114 0 228 0 932 670 365 52.908
198.6 132.4 0 192 0 978.4 825.5 180 41.72
475 0 0 228 0 932 594 270 42.131
190 190 0 228 0 932 670 365 53.692
237.5 237.5 0 228 0 932 594 270 38.408
237.5 237.5 0 228 0 932 594 28 30.08
332.5 142.5 0 228 0 932 594 90 37.722
475 0 0 228 0 932 594 90 42.229
237.5 237.5 0 228 0 932 594 180 36.252
342 38 0 228 0 932 670 90 50.459
427.5 47.5 0 228 0 932 594 365 43.698
237.5 237.5 0 228 0 932 594 365 38.995
380 0 0 228 0 932 670 180 53.104
427.5 47.5 0 228 0 932 594 90 41.543
427.5 47.5 0 228 0 932 594 7 35.076
349 0 0 192 0 1047 806.9 3 15.049
380 95 0 228 0 932 594 180 40.759
237.5 237.5 0 228 0 932 594 7 26.258
380 95 0 228 0 932 594 7 32.823
332.5 142.5 0 228 0 932 594 180 39.779
190 190 0 228 0 932 670 180 46.932
237.5 237.5 0 228 0 932 594 90 33.117
304 76 0 228 0 932 670 90 49.185
139.6 209.4 0 192 0 1047 806.9 7 14.589
198.6 132.4 0 192 0 978.4 825.5 7 14.638
475 0 0 228 0 932 594 365 41.935
198.6 132.4 0 192 0 978.4 825.5 3 9.1314
304 76 0 228 0 932 670 180 50.949
332.5 142.5 0 228 0 932 594 28 33.019
304 76 0 228 0 932 670 270 54.378
266 114 0 228 0 932 670 270 51.733
310 0 0 192 0 971 850.6 3 9.8664
190 190 0 228 0 932 670 270 50.655
266 114 0 228 0 932 670 180 48.696
342 38 0 228 0 932 670 270 55.064
139.6 209.4 0 192 0 1047 806.9 360 44.698
332.5 142.5 0 228 0 932 594 7 30.276
190 190 0 228 0 932 670 28 40.857
485 0 0 146 0 1120 800 28 71.988
374 189.2 0 170.1 10.1 926.1 756.7 3 34.398
313.3 262.2 0 175.5 8.6 1046.9 611.8 3 28.799
425 106.3 0 153.5 16.5 852.1 887.1 3 33.398
425 106.3 0 151.4 18.6 936 803.7 3 36.301
375 93.8 0 126.6 23.4 852.1 992.6 3 28.999
475 118.8 0 181.1 8.9 852.1 781.5 3 37.797
469 117.2 0 137.8 32.2 852.1 840.5 3 40.196
425 106.3 0 153.5 16.5 852.1 887.1 3 33.398
388.6 97.1 0 157.9 12.1 852.1 925.7 3 28.096
531.3 0 0 141.8 28.2 852.1 893.7 3 41.3
425 106.3 0 153.5 16.5 852.1 887.1 3 33.398
318.8 212.5 0 155.7 14.3 852.1 880.4 3 25.2
401.8 94.7 0 147.4 11.4 946.8 852.1 3 41.1
362.6 189 0 164.9 11.6 944.7 755.8 3 35.301
323.7 282.8 0 183.8 10.3 942.7 659.9 3 28.296
379.5 151.2 0 153.9 15.9 1134.3 605 3 28.599
362.6 189 0 164.9 11.6 944.7 755.8 3 35.301
286.3 200.9 0 144.7 11.2 1004.6 803.7 3 24.401
362.6 189 0 164.9 11.6 944.7 755.8 3 35.301
439 177 0 186 11.1 884.9 707.9 3 39.3
389.9 189 0 145.9 22 944.7 755.8 3 40.596
362.6 189 0 164.9 11.6 944.7 755.8 3 35.301
337.9 189 0 174.9 9.5 944.7 755.8 3 24.097
374 189.2 0 170.1 10.1 926.1 756.7 7 46.202
313.3 262.2 0 175.5 8.6 1046.9 611.8 7 42.796
425 106.3 0 153.5 16.5 852.1 887.1 7 49.201
425 106.3 0 151.4 18.6 936 803.7 7 46.802
375 93.8 0 126.6 23.4 852.1 992.6 7 45.698
475 118.8 0 181.1 8.9 852.1 781.5 7 55.599
469 117.2 0 137.8 32.2 852.1 840.5 7 54.896
425 106.3 0 153.5 16.5 852.1 887.1 7 49.201
388.6 97.1 0 157.9 12.1 852.1 925.7 7 34.901
531.3 0 0 141.8 28.2 852.1 893.7 7 46.898
425 106.3 0 153.5 16.5 852.1 887.1 7 49.201
318.8 212.5 0 155.7 14.3 852.1 880.4 7 33.398
401.8 94.7 0 147.4 11.4 946.8 852.1 7 54.096
362.6 189 0 164.9 11.6 944.7 755.8 7 55.896
323.7 282.8 0 183.8 10.3 942.7 659.9 7 49.801
379.5 151.2 0 153.9 15.9 1134.3 605 7 47.098
362.6 189 0 164.9 11.6 944.7 755.8 7 55.896
286.3 200.9 0 144.7 11.2 1004.6 803.7 7 37.997
362.6 189 0 164.9 11.6 944.7 755.8 7 55.896
439 177 0 186 11.1 884.9 707.9 7 56.096
389.9 189 0 145.9 22 944.7 755.8 7 59.095
362.6 189 0 164.9 11.6 944.7 755.8 7 22.897
337.9 189 0 174.9 9.5 944.7 755.8 7 35.101
374 189.2 0 170.1 10.1 926.1 756.7 28 61.094
313.3 262.2 0 175.5 8.6 1046.9 611.8 28 59.798
425 106.3 0 153.5 16.5 852.1 887.1 28 60.295
425 106.3 0 151.4 18.6 936 803.7 28 61.798
375 93.8 0 126.6 23.4 852.1 992.6 28 56.696
475 118.8 0 181.1 8.9 852.1 781.5 28 68.299
469 117.2 0 137.8 32.2 852.1 840.5 28 66.9
425 106.3 0 153.5 16.5 852.1 887.1 28 60.295
388.6 97.1 0 157.9 12.1 852.1 925.7 28 50.697
531.3 0 0 141.8 28.2 852.1 893.7 28 56.399
425 106.3 0 153.5 16.5 852.1 887.1 28 60.295
318.8 212.5 0 155.7 14.3 852.1 880.4 28 55.496
401.8 94.7 0 147.4 11.4 946.8 852.1 28 68.499
362.6 189 0 164.9 11.6 944.7 755.8 28 71.299
323.7 282.8 0 183.8 10.3 942.7 659.9 28 74.698
379.5 151.2 0 153.9 15.9 1134.3 605 28 52.2
362.6 189 0 164.9 11.6 944.7 755.8 28 71.299
286.3 200.9 0 144.7 11.2 1004.6 803.7 28 67.7
362.6 189 0 164.9 11.6 944.7 755.8 28 71.299
439 177 0 186 11.1 884.9 707.9 28 65.997
389.9 189 0 145.9 22 944.7 755.8 28 74.498
362.6 189 0 164.9 11.6 944.7 755.8 28 71.299
337.9 189 0 174.9 9.5 944.7 755.8 28 49.897
374 189.2 0 170.1 10.1 926.1 756.7 56 63.397
313.3 262.2 0 175.5 8.6 1046.9 611.8 56 64.9
425 106.3 0 153.5 16.5 852.1 887.1 56 64.301
425 106.3 0 151.4 18.6 936 803.7 56 64.9
375 93.8 0 126.6 23.4 852.1 992.6 56 60.198
475 118.8 0 181.1 8.9 852.1 781.5 56 72.298
469 117.2 0 137.8 32.2 852.1 840.5 56 69.299
425 106.3 0 153.5 16.5 852.1 887.1 56 64.301
388.6 97.1 0 157.9 12.1 852.1 925.7 56 55.199
531.3 0 0 141.8 28.2 852.1 893.7 56 58.799
425 106.3 0 153.5 16.5 852.1 887.1 56 64.301
318.8 212.5 0 155.7 14.3 852.1 880.4 56 66.1
401.8 94.7 0 147.4 11.4 946.8 852.1 56 73.698
362.6 189 0 164.9 11.6 944.7 755.8 56 77.297
323.7 282.8 0 183.8 10.3 942.7 659.9 56 80.2
379.5 151.2 0 153.9 15.9 1134.3 605 56 54.896
362.6 189 0 164.9 11.6 944.7 755.8 56 77.297
286.3 200.9 0 144.7 11.2 1004.6 803.7 56 72.995
362.6 189 0 164.9 11.6 944.7 755.8 56 77.297
439 177 0 186 11.1 884.9 707.9 56 71.699
389.9 189 0 145.9 22 944.7 755.8 56 79.4
362.6 189 0 164.9 11.6 944.7 755.8 56 77.297
337.9 189 0 174.9 9.5 944.7 755.8 56 59.895
374 189.2 0 170.1 10.1 926.1 756.7 91 64.9
313.3 262.2 0 175.5 8.6 1046.9 611.8 91 66.596
425 106.3 0 153.5 16.5 852.1 887.1 91 65.197
425 106.3 0 151.4 18.6 936 803.7 91 66.7
375 93.8 0 126.6 23.4 852.1 992.6 91 62.501
475 118.8 0 181.1 8.9 852.1 781.5 91 74.195
469 117.2 0 137.8 32.2 852.1 840.5 91 70.699
425 106.3 0 153.5 16.5 852.1 887.1 91 65.197
388.6 97.1 0 157.9 12.1 852.1 925.7 91 57.599
531.3 0 0 141.8 28.2 852.1 893.7 91 59.198
425 106.3 0 153.5 16.5 852.1 887.1 91 65.197
318.8 212.5 0 155.7 14.3 852.1 880.4 91 68.1
401.8 94.7 0 147.4 11.4 946.8 852.1 91 75.498
362.6 189 0 164.9 11.6 944.7 755.8 91 79.297
379.5 151.2 0 153.9 15.9 1134.3 605 91 56.496
362.6 189 0 164.9 11.6 944.7 755.8 91 79.297
286.3 200.9 0 144.7 11.2 1004.6 803.7 91 76.801
362.6 189 0 164.9 11.6 944.7 755.8 91 79.297
439 177 0 186 11.1 884.9 707.9 91 73.298
389.9 189 0 145.9 22 944.7 755.8 91 82.599
362.6 189 0 164.9 11.6 944.7 755.8 91 79.297
337.9 189 0 174.9 9.5 944.7 755.8 91 67.796
222.36 0 96.67 189.29 4.46 967.08 870.32 3 11.576
222.36 0 96.67 189.29 4.46 967.08 870.32 14 24.449
222.36 0 96.67 189.29 4.46 967.08 870.32 28 24.89
222.36 0 96.67 189.29 4.46 967.08 870.32 56 29.448
222.36 0 96.67 189.29 4.46 967.08 870.32 100 40.714
233.81 0 94.58 197.89 4.567 947.04 852.16 3 10.384
233.81 0 94.58 197.89 4.567 947.04 852.16 14 22.139
233.81 0 94.58 197.89 4.567 947.04 852.16 28 22.835
233.81 0 94.58 197.89 4.567 947.04 852.16 56 27.662
233.81 0 94.58 197.89 4.567 947.04 852.16 100 34.557
194.68 0 100.52 165.62 7.48 1006.4 905.9 3 12.452
194.68 0 100.52 165.62 7.48 1006.4 905.9 14 24.987
194.68 0 100.52 165.62 7.48 1006.4 905.9 28 25.724
194.68 0 100.52 165.62 7.48 1006.4 905.9 56 33.964
194.68 0 100.52 165.62 7.48 1006.4 905.9 100 37.342
190.68 0 125.4 162.14 7.77 1090 804.01 3 15.044
190.68 0 125.4 162.14 7.77 1090 804.01 14 21.063
190.68 0 125.4 162.14 7.77 1090 804.01 28 26.4
190.68 0 125.4 162.14 7.77 1090 804.01 56 35.343
190.68 0 125.4 162.14 7.77 1090 804.01 100 40.569
212.07 0 121.62 180.31 5.69 1057.6 779.32 3 12.473
212.07 0 121.62 180.31 5.69 1057.6 779.32 14 20.919
212.07 0 121.62 180.31 5.69 1057.6 779.32 28 24.904
212.07 0 121.62 180.31 5.69 1057.6 779.32 56 34.205
212.07 0 121.62 180.31 5.69 1057.6 779.32 100 39.61
229.97 0 118.31 195.47 4.63 1029.4 758.59 3 10.032
229.97 0 118.31 195.47 4.63 1029.4 758.59 14 20.084
229.97 0 118.31 195.47 4.63 1029.4 758.59 28 24.483
229.97 0 118.31 195.47 4.63 1029.4 758.59 56 31.537
229.97 0 118.31 195.47 4.63 1029.4 758.59 100 35.343
190.34 0 125.18 161.85 9.88 1088.1 802.59 3 9.4458
190.34 0 125.18 161.85 9.88 1088.1 802.59 14 22.718
190.34 0 125.18 161.85 9.88 1088.1 802.59 28 28.468
190.34 0 125.18 161.85 9.88 1088.1 802.59 56 38.562
190.34 0 125.18 161.85 9.88 1088.1 802.59 100 40.39
166.09 0 163.27 176.46 4.49 1058.6 780.09 3 10.763
166.09 0 163.27 176.46 4.49 1058.6 780.09 14 25.483
166.09 0 163.27 176.46 4.49 1058.6 780.09 28 21.539
166.09 0 163.27 176.46 4.49 1058.6 780.09 56 28.627
166.09 0 163.27 176.46 4.49 1058.6 780.09 100 33.543
167.95 42.08 163.83 121.75 5.72 1058.7 780.11 3 7.7497
167.95 42.08 163.83 121.75 5.72 1058.7 780.11 14 17.823
167.95 42.08 163.83 121.75 5.72 1058.7 780.11 28 24.242
167.95 42.08 163.83 121.75 5.72 1058.7 780.11 56 32.854
167.95 42.08 163.83 121.75 5.72 1058.7 780.11 100 39.231
213.72 98.05 24.51 181.71 6.86 1065.8 785.38 3 17.995
213.72 98.05 24.51 181.71 6.86 1065.8 785.38 14 30.385
213.72 98.05 24.51 181.71 6.86 1065.8 785.38 28 45.705
213.72 98.05 24.51 181.71 6.86 1065.8 785.38 56 50.773
213.72 98.05 24.51 181.71 6.86 1065.8 785.38 100 53.903
213.76 98.06 24.52 181.74 6.65 1066 785.52 3 13.183
213.76 98.06 24.52 181.74 6.65 1066 785.52 14 17.837
213.76 98.06 24.52 181.74 6.65 1066 785.52 28 40.231
213.76 98.06 24.52 181.74 6.65 1066 785.52 56 47.133
213.76 98.06 24.52 181.74 6.65 1066 785.52 100 49.973
229.68 0 118.16 195.23 6.13 1028.1 757.63 3 13.355
229.68 0 118.16 195.23 6.13 1028.1 757.63 14 22.318
229.68 0 118.16 195.23 6.13 1028.1 757.63 28 24.538
229.68 0 118.16 195.23 6.13 1028.1 757.63 56 31.35
229.68 0 118.16 195.23 6.13 1028.1 757.63 100 40.858
238.05 0 94.11 186.66 7 949.91 847.01 3 19.933
238.05 0 94.11 186.66 7 949.91 847.01 14 25.69
238.05 0 94.11 186.66 7 949.91 847.01 28 30.234
238.05 0 94.11 186.66 7 949.91 847.01 56 39.59
238.05 0 94.11 186.66 7 949.91 847.01 100 44.299
250 0 95.69 187.42 5.53 956.86 861.17 3 13.817
250 0 95.69 187.42 5.53 956.86 861.17 14 24.918
250 0 95.69 187.42 5.53 956.86 861.17 28 29.22
250 0 95.69 187.42 5.53 956.86 861.17 56 38.328
250 0 95.69 187.42 5.53 956.86 861.17 100 42.348
212.52 0 100.37 159.32 8.71 1007.8 903.59 3 13.541
212.52 0 100.37 159.32 8.71 1007.8 903.59 14 26.31
212.52 0 100.37 159.32 8.71 1007.8 903.59 28 31.64
212.52 0 100.37 159.32 8.71 1007.8 903.59 56 42.548
212.52 0 100.37 159.32 8.71 1007.8 903.59 100 42.92
212.57 0 100.39 159.35 10.37 1003.8 903.79 3 13.334
212.57 0 100.39 159.35 10.37 1003.8 903.79 14 25.373
212.57 0 100.39 159.35 10.37 1003.8 903.79 28 37.404
212.57 0 100.39 159.35 10.37 1003.8 903.79 56 44.395
212.57 0 100.39 159.35 10.37 1003.8 903.79 100 47.739
212 0 124.78 159 7.84 1085.4 799.54 3 19.519
212 0 124.78 159 7.84 1085.4 799.54 14 31.35
212 0 124.78 159 7.84 1085.4 799.54 28 38.5
212 0 124.78 159 7.84 1085.4 799.54 56 45.085
212 0 124.78 159 7.84 1085.4 799.54 100 47.815
231.75 0 121.62 173.96 6.72 1056.4 778.45 3 15.437
231.75 0 121.62 173.96 6.72 1056.4 778.45 14 26.772
231.75 0 121.62 173.96 6.72 1056.4 778.45 28 33.729
231.75 0 121.62 173.96 6.72 1056.4 778.45 56 42.699
231.75 0 121.62 173.96 6.72 1056.4 778.45 100 45.836
251.37 0 118.27 188.45 5.75 1028.4 757.73 3 17.223
251.37 0 118.27 188.45 5.75 1028.4 757.73 14 29.93
251.37 0 118.27 188.45 5.75 1028.4 757.73 28 29.654
251.37 0 118.27 188.45 5.75 1028.4 757.73 56 36.97
251.37 0 118.27 188.45 5.75 1028.4 757.73 100 43.582
251.37 0 118.27 188.45 6.35 1028.4 757.73 3 13.121
251.37 0 118.27 188.45 6.35 1028.4 757.73 14 24.428
251.37 0 118.27 188.45 6.35 1028.4 757.73 28 32.66
251.37 0 118.27 188.45 6.35 1028.4 757.73 56 36.639
251.37 0 118.27 188.45 6.35 1028.4 757.73 100 44.209
181.38 0 167.01 169.59 7.56 1055.6 777.8 3 13.624
181.38 0 167.01 169.59 7.56 1055.6 777.8 14 21.601
181.38 0 167.01 169.59 7.56 1055.6 777.8 28 27.772
181.38 0 167.01 169.59 7.56 1055.6 777.8 56 35.57
181.38 0 167.01 169.59 7.56 1055.6 777.8 100 45.368
182.04 45.21 121.97 170.21 8.19 1059.4 780.65 3 7.3153
182.04 45.21 121.97 170.21 8.19 1059.4 780.65 14 21.505
182.04 45.21 121.97 170.21 8.19 1059.4 780.65 28 31.268
182.04 45.21 121.97 170.21 8.19 1059.4 780.65 56 43.499
182.04 45.21 121.97 170.21 8.19 1059.4 780.65 100 48.67
168.88 42.22 124.25 158.33 10.83 1080.8 796.15 3 7.3981
168.88 42.22 124.25 158.33 10.83 1080.8 796.15 14 23.511
168.88 42.22 124.25 158.33 10.83 1080.8 796.15 28 31.116
168.88 42.22 124.25 158.33 10.83 1080.8 796.15 56 39.148
168.88 42.22 124.25 158.33 10.83 1080.8 796.15 100 48.153
290.35 0 96.18 168.08 9.41 961.18 865 3 22.504
290.35 0 96.18 168.08 9.41 961.18 865 14 34.674
290.35 0 96.18 168.08 9.41 961.18 865 28 34.736
290.35 0 96.18 168.08 9.41 961.18 865 56 45.085
290.35 0 96.18 168.08 9.41 961.18 865 100 48.973
277.05 0 97.39 160.6 11.83 973.9 875.61 3 23.139
277.05 0 97.39 160.6 11.83 973.9 875.61 14 41.886
277.05 0 97.39 160.6 11.83 973.9 875.61 28 48.284
277.05 0 97.39 160.6 11.83 973.9 875.61 56 51.035
277.05 0 97.39 160.6 11.83 973.9 875.61 100 55.641
295.71 0 95.64 171.54 8.87 955.14 859.2 3 22.946
295.71 0 95.64 171.54 8.87 955.14 859.2 14 35.232
295.71 0 95.64 171.54 8.87 955.14 859.2 28 39.941
295.71 0 95.64 171.54 8.87 955.14 859.2 56 48.718
295.71 0 95.64 171.54 8.87 955.14 859.2 100 52.042
251.81 0 99.94 146.14 12.35 1006 899.76 3 21.022
251.81 0 99.94 146.14 12.35 1006 899.76 14 33.357
251.81 0 99.94 146.14 12.35 1006 899.76 28 33.943
251.81 0 99.94 146.14 12.35 1006 899.76 56 44.14
251.81 0 99.94 146.14 12.35 1006 899.76 100 45.368
249.1 0 98.75 158.11 12.8 987.76 889.01 3 15.362
249.1 0 98.75 158.11 12.8 987.76 889.01 14 28.682
249.1 0 98.75 158.11 12.8 987.76 889.01 28 30.847
249.1 0 98.75 158.11 12.8 987.76 889.01 56 42.03
249.1 0 98.75 158.11 12.8 987.76 889.01 100 51.056
252.31 0 98.75 146.25 14.17 987.76 889.01 3 21.781
252.31 0 98.75 146.25 14.17 987.76 889.01 14 42.292
252.31 0 98.75 146.25 14.17 987.76 889.01 28 50.601
252.31 0 98.75 146.25 14.17 987.76 889.01 56 55.827
252.31 0 98.75 146.25 14.17 987.76 889.01 100 60.95
246.83 0 125.08 143.3 11.99 1086.8 800.89 3 23.525
246.83 0 125.08 143.3 11.99 1086.8 800.89 14 42.217
246.83 0 125.08 143.3 11.99 1086.8 800.89 28 52.504
246.83 0 125.08 143.3 11.99 1086.8 800.89 56 60.322
246.83 0 125.08 143.3 11.99 1086.8 800.89 100 66.424
275.07 0 121.35 159.48 9.9 1053.6 777.5 3 23.801
275.07 0 121.35 159.48 9.9 1053.6 777.5 14 38.769
275.07 0 121.35 159.48 9.9 1053.6 777.5 28 51.331
275.07 0 121.35 159.48 9.9 1053.6 777.5 56 56.847
275.07 0 121.35 159.48 9.9 1053.6 777.5 100 58.605
297.16 0 117.54 174.8 9.52 1022.8 753.45 3 21.912
297.16 0 117.54 174.8 9.52 1022.8 753.45 14 36.99
297.16 0 117.54 174.8 9.52 1022.8 753.45 28 47.401
297.16 0 117.54 174.8 9.52 1022.8 753.45 56 51.959
297.16 0 117.54 174.8 9.52 1022.8 753.45 100 56.744
213.74 0 174.74 154.79 10.16 1053.5 776.35 3 17.575
213.74 0 174.74 154.79 10.16 1053.5 776.35 14 33.729
213.74 0 174.74 154.79 10.16 1053.5 776.35 28 40.148
213.74 0 174.74 154.79 10.16 1053.5 776.35 56 46.643
213.74 0 174.74 154.79 10.16 1053.5 776.35 100 50.077
213.5 0 174.24 154.61 11.66 1052.3 775.48 3 17.368
213.5 0 174.24 154.61 11.66 1052.3 775.48 14 33.702
213.5 0 174.24 154.61 11.66 1052.3 775.48 28 45.94
213.5 0 174.24 154.61 11.66 1052.3 775.48 56 51.435
213.5 0 174.24 154.61 11.66 1052.3 775.48 100 59.302
277.19 97.82 24.46 160.7 11.19 1061.7 782.46 3 30.447
277.19 97.82 24.46 160.7 11.19 1061.7 782.46 14 47.712
277.19 97.82 24.46 160.7 11.19 1061.7 782.46 28 63.142
277.19 97.82 24.46 160.7 11.19 1061.7 782.46 56 66.824
277.19 97.82 24.46 160.7 11.19 1061.7 782.46 100 66.948
218.23 54.64 123.78 140.75 11.91 1075.7 792.67 3 27.42
218.23 54.64 123.78 140.75 11.91 1075.7 792.67 14 35.956
218.23 54.64 123.78 140.75 11.91 1075.7 792.67 28 55.51
218.23 54.64 123.78 140.75 11.91 1075.7 792.67 56 61.991
218.23 54.64 123.78 140.75 11.91 1075.7 792.67 100 63.528
214.9 53.8 121.89 155.63 9.61 1014.3 780.58 3 18.016
214.9 53.8 121.89 155.63 9.61 1014.3 780.58 14 38.604
214.9 53.8 121.89 155.63 9.61 1014.3 780.58 28 52.2
214.9 53.8 121.89 155.63 9.61 1014.3 780.58 56 53.958
214.9 53.8 121.89 155.63 9.61 1014.3 780.58 100 56.634
218.85 0 124.13 158.49 11.33 1078.7 794.91 3 15.341
218.85 0 124.13 158.49 11.33 1078.7 794.91 14 26.048
218.85 0 124.13 158.49 11.33 1078.7 794.91 28 30.22
218.85 0 124.13 158.49 11.33 1078.7 794.91 56 37.266
218.85 0 124.13 158.49 11.33 1078.7 794.91 100 46.229
376 0 0 214.6 0 1003.5 762.36 3 16.279
376 0 0 214.6 0 1003.5 762.36 14 25.621
376 0 0 214.6 0 1003.5 762.36 28 31.971
376 0 0 214.6 0 1003.5 762.36 56 36.301
376 0 0 214.6 0 1003.5 762.36 100 43.058
500 0 0 140 4 966 853 28 67.569
475 0 59 142 1.9 1098 641 28 57.227
315 137 0 145 5.9 1130 745 28 81.751
505 0 60 195 0 1030 630 28 64.018
451 0 0 165 11.25 1030 745 28 78.8
516 0 0 162 8.2 801 802 28 41.369
520 0 0 170 5.2 855 855 28 60.281
528 0 0 185 6.86 920 720 28 56.834
520 0 0 175 5.2 870 805 28 51.021
385 0 136 158 20 903 768 28 55.551
500.1 0 0 200 3 1124.4 613.2 28 44.133
450.1 50 0 200 3 1124.4 613.2 28 39.376
397 17.2 158 167 20.8 967 633 28 55.648
333 17.5 163 167 17.9 996 652 28 47.277
334 17.6 158 189 15.3 967 633 28 44.326
405 0 0 175 0 1120 695 28 52.304
200 200 0 190 0 1145 660 28 49.249
516 0 0 162 8.26 801 802 28 41.369
145 116 119 184 5.7 833 880 28 29.158
160 128 122 182 6.4 824 879 28 39.397
234 156 0 189 5.85 981 760 28 39.3
250 180 95 159 9.45 860 800 28 67.865
475 0 0 162 9.5 1044 662 28 58.523
285 190 0 163 7.6 1031 685 28 53.579
356 119 0 160 9.03 1061 657 28 58.998
275 180 120 162 10.35 830 765 28 76.235
500 0 0 151 9 1033 655 28 69.837
165 0.02 143.57 163.81 0 1005.6 900.9 3 14.396
165 128.5 132.1 175.06 8.08 1005.8 746.6 3 19.416
178.03 129.8 118.6 179.94 3.57 1007.3 746.8 3 20.726
167.35 129.9 128.62 175.46 7.79 1006.3 746.6 3 14.941
172.38 13.61 172.37 156.76 4.14 1006.3 856.4 3 21.291
173.54 50.05 173.53 164.77 6.47 1006.2 793.5 3 23.077
167 75.4 167 164.03 7.91 1007.3 770.1 3 15.52
173.81 93.37 159.9 172.34 9.73 1007.2 746.6 3 15.817
190.34 0 125.18 166.61 9.88 1079 798.9 3 12.548
250 0 95.69 191.84 5.33 948.9 857.2 3 8.4874
213.5 0 174.24 159.21 11.66 1043.6 771.9 3 15.61
194.68 0 100.52 170.17 7.48 998 901.8 3 12.176
251.37 0 118.27 192.94 5.75 1043.6 754.3 3 11.983
165 0.02 143.57 163.81 0 1005.6 900.9 14 16.878
165 128.5 132.1 175.06 8.08 1005.8 746.6 14 33.088
178.03 129.8 118.6 179.94 3.57 1007.3 746.8 14 34.239
167.35 129.9 128.62 175.46 7.79 1006.3 746.6 14 31.812
172.38 13.61 172.37 156.76 4.14 1006.3 856.4 14 29.751
173.54 50.05 173.53 164.77 6.47 1006.2 793.5 14 33.005
167 75.4 167 164.03 7.91 1007.3 770.1 14 32.902
173.81 93.37 159.9 172.34 9.73 1007.2 746.6 14 29.551
190.34 0 125.18 166.61 9.88 1079 798.9 14 19.416
250 0 95.69 191.84 5.33 948.9 857.2 14 24.656
213.5 0 174.24 159.21 11.66 1043.6 771.9 14 29.592
194.68 0 100.52 170.17 7.48 998 901.8 14 24.283
251.37 0 118.27 192.94 5.75 1043.6 754.3 14 20.726
165 0.02 143.57 163.81 0 1005.6 900.9 28 26.2
165 128.5 132.1 175.06 8.08 1005.8 746.6 28 46.388
178.03 129.8 118.6 179.94 3.57 1007.3 746.8 28 39.162
167.35 129.9 128.62 175.46 7.79 1006.3 746.6 28 41.203
172.38 13.61 172.37 156.76 4.14 1006.3 856.4 28 33.688
173.54 50.05 173.53 164.77 6.47 1006.2 793.5 28 38.204
167 75.4 167 164.03 7.91 1007.3 770.1 28 41.41
173.81 93.37 159.9 172.34 9.73 1007.2 746.6 28 37.811
190.34 0 125.18 166.61 9.88 1079 798.9 28 24.849
250 0 95.69 191.84 5.33 948.9 857.2 28 27.221
213.5 0 174.24 159.21 11.66 1043.6 771.9 28 44.637
194.68 0 100.52 170.17 7.48 998 901.8 28 37.266
251.37 0 118.27 192.94 5.75 1043.6 754.3 28 33.274
165 0.02 143.57 163.81 0 1005.6 900.9 56 36.563
165 128.5 132.1 175.06 8.08 1005.8 746.6 56 53.724
178.03 129.8 118.6 179.94 3.57 1007.3 746.8 56 48.587
167.35 129.9 128.62 175.46 7.79 1006.3 746.6 56 51.724
172.38 13.61 172.37 156.76 4.14 1006.3 856.4 56 35.853
173.54 50.05 173.53 164.77 6.47 1006.2 793.5 56 53.772
167 75.4 167 164.03 7.91 1007.3 770.1 56 53.462
173.81 93.37 159.9 172.34 9.73 1007.2 746.6 56 48.987
190.34 0 125.18 166.61 9.88 1079 798.9 56 31.716
250 0 95.69 191.84 5.33 948.9 857.2 56 39.645
213.5 0 174.24 159.21 11.66 1043.6 771.9 56 51.256
194.68 0 100.52 170.17 7.48 998 901.8 56 43.389
251.37 0 118.27 192.94 5.75 1043.6 754.3 56 39.266
165 0.02 143.57 163.81 0 1005.6 900.9 100 37.956
165 128.5 132.1 175.06 8.08 1005.8 746.6 100 55.02
178.03 129.8 118.6 179.94 3.57 1007.3 746.8 100 49.994
167.35 129.9 128.62 175.46 7.79 1006.3 746.6 100 53.655
172.38 13.61 172.37 156.76 4.14 1006.3 856.4 100 37.68
173.54 50.05 173.53 164.77 6.47 1006.2 793.5 100 56.061
167 75.4 167 164.03 7.91 1007.3 770.1 100 56.813
173.81 93.37 159.9 172.34 9.73 1007.2 746.6 100 50.938
190.34 0 125.18 166.61 9.88 1079 798.9 100 33.564
250 0 95.69 191.84 5.33 948.9 857.2 100 41.162
213.5 0 174.24 159.21 11.66 1043.6 771.9 100 52.959
194.68 0 100.52 170.17 7.48 998 901.8 100 44.278
251.37 0 118.27 192.94 5.75 1043.6 754.3 100 40.148
446 24 79 162 11.61 967 712 28 57.027
446 24 79 162 11.64 967 712 28 44.423
446 24 79 162 11.64 967 712 28 51.021
446 24 79 162 10.3 967 712 28 53.386
446 24 79 162 11.61 967 712 3 35.363
446 24 79 162 11.64 967 712 3 25.021
446 24 79 162 11.64 967 712 3 23.346
446 24 79 162 11.61 967 712 7 52.007
446 24 79 162 11.64 967 712 7 38.018
446 24 79 162 11.64 967 712 7 39.3
446 24 79 162 11.61 967 712 56 61.067
446 24 79 162 11.64 967 712 56 56.144
446 24 79 162 11.64 967 712 56 55.255
446 24 79 162 10.3 967 712 56 54.765
387 20 94 157 14.32 938 845 28 50.235
387 20 94 157 13.93 938 845 28 46.684
387 20 94 157 11.61 938 845 28 46.684
387 20 94 157 14.32 938 845 3 22.753
387 20 94 157 13.93 938 845 3 25.511
387 20 94 157 11.61 938 845 3 34.77
387 20 94 157 14.32 938 845 7 36.839
387 20 94 157 13.93 938 845 7 45.898
387 20 94 157 11.61 938 845 7 41.665
387 20 94 157 14.32 938 845 56 56.337
387 20 94 157 13.93 938 845 56 47.967
387 20 94 157 11.61 938 845 56 61.46
355 19 97 145 13.13 967 871 28 44.03
355 19 97 145 12.25 967 871 28 55.455
491 26 123 210 3.93 882 699 28 55.551
491 26 123 201 3.93 822 699 28 57.916
491 26 123 210 3.93 882 699 3 25.609
491 26 123 210 3.93 882 699 7 33.489
491 26 123 210 3.93 882 699 56 59.59
491 26 123 201 3.93 822 699 3 29.549
491 26 123 201 3.93 822 699 7 37.921
491 26 123 201 3.93 822 699 56 61.856
424 22 132 178 8.48 822 750 28 62.053
424 22 132 178 8.48 882 750 3 32.011
424 22 132 168 8.92 822 750 28 72.099
424 22 132 178 8.48 822 750 7 39.005
424 22 132 178 8.48 822 750 56 65.697
424 22 132 168 8.92 822 750 3 32.11
424 22 132 168 8.92 822 750 7 40.285
424 22 132 168 8.92 822 750 56 74.365
202 11 141 206 1.72 942 801 28 21.967
202 11 141 206 1.72 942 801 3 9.8497
202 11 141 206 1.72 942 801 7 15.07
202 11 141 206 1.72 942 801 56 23.245
284 15 141 179 5.46 842 801 28 43.733
284 15 141 179 5.46 842 801 3 13.396
284 15 141 179 5.46 842 801 7 24.132
284 15 141 179 5.46 842 801 56 44.52
359 19 141 154 10.91 942 801 28 62.935
359 19 141 154 10.91 942 801 28 59.495
359 19 141 154 10.91 942 801 3 25.117
359 19 141 154 10.91 942 801 3 23.639
359 19 141 154 10.91 942 801 7 35.754
359 19 141 154 10.91 942 801 7 38.611
359 19 141 154 10.91 942 801 56 68.751
359 19 141 154 10.91 942 801 56 66.781
436 0 0 218 0 838.4 719.7 28 23.849
289 0 0 192 0 913.2 895.3 90 32.068
289 0 0 192 0 913.2 895.3 3 11.655
393 0 0 192 0 940.6 785.6 3 19.199
393 0 0 192 0 940.6 785.6 90 48.847
393 0 0 192 0 940.6 785.6 28 39.605
480 0 0 192 0 936.2 712.2 28 43.942
480 0 0 192 0 936.2 712.2 7 34.57
480 0 0 192 0 936.2 712.2 90 54.316
480 0 0 192 0 936.2 712.2 3 24.405
333 0 0 192 0 931.2 842.6 3 15.616
255 0 0 192 0 889.8 945 90 21.859
255 0 0 192 0 889.8 945 7 10.222
289 0 0 192 0 913.2 895.3 7 14.597
255 0 0 192 0 889.8 945 28 18.746
333 0 0 192 0 931.2 842.6 28 31.967
333 0 0 192 0 931.2 842.6 7 23.405
289 0 0 192 0 913.2 895.3 28 25.573
333 0 0 192 0 931.2 842.6 90 41.68
393 0 0 192 0 940.6 785.6 7 27.742
255 0 0 192 0 889.8 945 3 8.2041
158.8 238.2 0 185.7 0 1040.6 734.3 7 9.6175
239.6 359.4 0 185.7 0 941.6 664.3 7 25.422
238.2 158.8 0 185.7 0 1040.6 734.3 7 15.691
181.9 272.8 0 185.7 0 1012.4 714.3 28 27.935
193.5 290.2 0 185.7 0 998.2 704.3 28 32.627
255.5 170.3 0 185.7 0 1026.6 724.3 7 17.236
272.8 181.9 0 185.7 0 1012.4 714.3 7 19.765
239.6 359.4 0 185.7 0 941.6 664.3 28 39.435
220.8 147.2 0 185.7 0 1055 744.3 28 25.745
397 0 0 185.7 0 1040.6 734.3 28 33.082
382.5 0 0 185.7 0 1047.8 739.3 7 24.065
210.7 316.1 0 185.7 0 977 689.3 7 21.82
158.8 238.2 0 185.7 0 1040.6 734.3 28 21.066
295.8 0 0 185.7 0 1091.4 769.3 7 14.844
255.5 170.3 0 185.7 0 1026.6 724.3 28 32.052
203.5 135.7 0 185.7 0 1076.2 759.3 7 11.958
397 0 0 185.7 0 1040.6 734.3 7 25.448
381.4 0 0 185.7 0 1104.6 784.3 28 22.489
295.8 0 0 185.7 0 1091.4 769.3 28 25.217
228 342.1 0 185.7 0 955.8 674.3 28 39.699
220.8 147.2 0 185.7 0 1055 744.3 7 13.089
316.1 210.7 0 185.7 0 977 689.3 28 38.7
135.7 203.5 0 185.7 0 1076.2 759.3 7 7.507
238.1 0 0 185.7 0 1118.8 789.3 28 17.576
339.2 0 0 185.7 0 1069.2 754.3 7 21.179
135.7 203.5 0 185.7 0 1076.2 759.3 28 18.199
193.5 290.2 0 185.7 0 998.2 704.3 7 17.2
203.5 135.7 0 185.7 0 1076.2 759.3 28 22.63
290.2 193.5 0 185.7 0 998.2 704.3 7 21.859
181.9 272.8 0 185.7 0 1012.4 714.3 7 12.373
170.3 155.5 0 185.7 0 1026.6 724.3 28 25.726
210.7 316.1 0 185.7 0 977 689.3 28 37.814
228 342.1 0 185.7 0 955.8 674.3 7 21.917
290.2 193.5 0 185.7 0 998.2 704.3 28 33.043
381.4 0 0 185.7 0 1104.6 784.3 7 14.541
238.2 158.8 0 185.7 0 1040.6 734.3 28 26.914
186.2 124.1 0 185.7 0 1083.4 764.3 7 7.9959
339.2 0 0 185.7 0 1069.2 754.3 28 31.9
238.1 0 0 185.7 0 1118.8 789.3 7 10.336
252.5 0 0 185.7 0 1111.6 784.3 28 19.765
382.5 0 0 185.7 0 1047.8 739.3 28 37.438
252.5 0 0 185.7 0 1111.6 784.3 7 11.484
316.1 210.7 0 185.7 0 977 689.3 7 24.438
186.2 124.1 0 185.7 0 1083.4 764.3 28 17.597
170.3 155.5 0 185.7 0 1026.6 724.3 7 10.73
272.8 181.9 0 185.7 0 1012.4 714.3 28 31.382
339 0 0 197 0 968 781 3 13.224
339 0 0 197 0 968 781 7 20.967
339 0 0 197 0 968 781 14 27.041
339 0 0 197 0 968 781 28 32.04
339 0 0 197 0 968 781 90 35.17
339 0 0 197 0 968 781 180 36.446
339 0 0 197 0 968 781 365 38.893
236 0 0 194 0 968 885 3 6.4673
236 0 0 194 0 968 885 14 12.838
236 0 0 194 0 968 885 28 18.416
236 0 0 194 0 968 885 90 21.946
236 0 0 193 0 968 885 180 24.104
236 0 0 193 0 968 885 365 25.083
277 0 0 191 0 968 856 14 21.263
277 0 0 191 0 968 856 28 25.966
277 0 0 191 0 968 856 3 11.363
277 0 0 191 0 968 856 90 31.254
277 0 0 191 0 968 856 180 32.33
277 0 0 191 0 968 856 360 33.702
254 0 0 198 0 968 863 3 9.3079
254 0 0 198 0 968 863 90 26.945
254 0 0 198 0 968 863 180 27.627
254 0 0 198 0 968 863 365 29.785
307 0 0 193 0 968 812 180 34.488
307 0 0 193 0 968 812 365 36.149
307 0 0 193 0 968 812 3 12.542
307 0 0 193 0 968 812 28 27.531
307 0 0 193 0 968 812 90 32.922
236 0 0 193 0 968 885 7 9.9905
200 0 0 180 0 1125 845 7 7.8393
200 0 0 180 0 1125 845 28 12.245
225 0 0 181 0 1113 833 7 11.17
225 0 0 181 0 1113 833 28 17.34
325 0 0 184 0 1063 783 7 17.54
325 0 0 184 0 1063 783 28 30.571
275 0 0 183 0 1088 808 7 14.203
275 0 0 183 0 1088 808 28 24.497
300 0 0 184 0 1075 795 7 15.575
300 0 0 184 0 1075 795 28 26.848
375 0 0 186 0 1038 758 7 26.062
375 0 0 186 0 1038 758 28 38.211
400 0 0 187 0 1025 745 28 43.699
400 0 0 187 0 1025 745 7 30.144
250 0 0 182 0 1100 820 7 12.735
250 0 0 182 0 1100 820 28 20.87
350 0 0 186 0 1050 770 7 20.277
350 0 0 186 0 1050 770 28 34.295
203.5 305.3 0 203.5 0 963.4 630 7 19.539
250.2 166.8 0 203.5 0 977.6 694.1 90 47.714
157 236 0 192 0 935.4 781.2 90 43.377
141.3 212 0 203.5 0 971.8 748.5 28 29.892
166.8 250.2 0 203.5 0 975.6 692.6 3 6.9023
122.6 183.9 0 203.5 0 958.2 800.1 90 33.192
183.9 122.6 0 203.5 0 959.2 800 3 4.9036
102 153 0 192 0 887 942 3 4.565
102 153 0 192 0 887 942 90 25.461
122.6 183.9 0 203.5 0 958.2 800.1 28 24.291
166.8 250.2 0 203.5 0 975.6 692.6 28 33.948
200 133 0 192 0 965.4 806.2 3 11.414
108.3 162.4 0 203.5 0 938.2 849 28 20.594
305.3 203.5 0 203.5 0 965.4 631 7 25.894
108.3 162.4 0 203.5 0 938.2 849 90 29.232
116 173 0 192 0 909.8 891.9 90 31.024
141.3 212 0 203.5 0 971.8 748.5 7 10.394
157 236 0 192 0 935.4 781.2 28 33.664
133 200 0 192 0 927.4 839.2 28 27.875
250.2 166.8 0 203.5 0 977.6 694.1 7 19.35
173 116 0 192 0 946.8 856.8 7 11.392
192 288 0 192 0 929.8 716.1 3 12.788
192 288 0 192 0 929.8 716.1 28 39.322
153 102 0 192 0 888 943.1 3 4.7822
288 192 0 192 0 932 717.8 3 16.11
305.3 203.5 0 203.5 0 965.4 631 28 43.377
236 157 0 192 0 972.6 749.1 7 20.416
173 116 0 192 0 946.8 856.8 3 6.941
212 141.3 0 203.5 0 973.4 750 7 15.031
236 157 0 192 0 972.6 749.1 3 13.565
183.9 122.6 0 203.5 0 959.2 800 90 32.533
166.8 250.2 0 203.5 0 975.6 692.6 7 15.748
102 153 0 192 0 887 942 7 7.6759
288 192 0 192 0 932 717.8 28 38.804
212 141.3 0 203.5 0 973.4 750 28 33.004
102 153 0 192 0 887 942 28 17.276
173 116 0 192 0 946.8 856.8 28 24.282
183.9 122.6 0 203.5 0 959.2 800 28 24.046
133 200 0 192 0 927.4 839.2 90 36.588
192 288 0 192 0 929.8 716.1 90 50.732
133 200 0 192 0 927.4 839.2 7 13.664
305.3 203.5 0 203.5 0 965.4 631 3 14.144
236 157 0 192 0 972.6 749.1 90 47.782
108.3 162.4 0 203.5 0 938.2 849 3 2.3318
157 236 0 192 0 935.4 781.2 7 16.889
288 192 0 192 0 932 717.8 7 23.524
212 141.3 0 203.5 0 973.4 750 3 6.8086
212 141.3 0 203.5 0 973.4 750 90 39.7
153 102 0 192 0 888 943.1 28 17.964
236 157 0 192 0 972.6 749.1 28 32.885
116 173 0 192 0 909.8 891.9 28 22.348
183.9 122.6 0 203.5 0 959.2 800 7 10.788
108.3 162.4 0 203.5 0 938.2 849 7 7.7235
203.5 305.3 0 203.5 0 963.4 630 28 41.684
203.5 305.3 0 203.5 0 963.4 630 3 9.5617
133 200 0 192 0 927.4 839.2 3 6.8837
288 192 0 192 0 932 717.8 90 50.527
200 133 0 192 0 965.4 806.2 7 17.166
200 133 0 192 0 965.4 806.2 28 30.44
250.2 166.8 0 203.5 0 977.6 694.1 3 9.7313
122.6 183.9 0 203.5 0 958.2 800.1 3 3.3198
153 102 0 192 0 888 943.1 90 26.323
200 133 0 192 0 965.4 806.2 90 43.251
116 173 0 192 0 909.8 891.9 3 6.2804
173 116 0 192 0 946.8 856.8 90 32.103
250.2 166.8 0 203.5 0 977.6 694.1 28 36.964
305.3 203.5 0 203.5 0 965.4 631 90 54.599
192 288 0 192 0 929.8 716.1 7 21.481
157 236 0 192 0 935.4 781.2 3 9.6947
153 102 0 192 0 888 943.1 7 8.3744
141.3 212 0 203.5 0 971.8 748.5 90 39.662
116 173 0 192 0 909.8 891.9 7 10.09
141.3 212 0 203.5 0 971.8 748.5 3 4.8277
122.6 183.9 0 203.5 0 958.2 800.1 7 10.355
166.8 250.2 0 203.5 0 975.6 692.6 90 43.565
203.5 305.3 0 203.5 0 963.4 630 90 51.864
310 0 0 192 0 1012 830 3 11.852
310 0 0 192 0 1012 830 7 17.244
310 0 0 192 0 1012 830 28 27.827
310 0 0 192 0 1012 830 90 35.763
310 0 0 192 0 1012 830 120 38.7
331 0 0 192 0 1025 821 3 14.307
331 0 0 192 0 1025 821 7 17.437
331 0 0 192 0 1025 821 28 31.743
331 0 0 192 0 1025 821 90 37.914
331 0 0 192 0 1025 821 120 39.383
349 0 0 192 0 1056 809 3 15.872
349 0 0 192 0 1056 809 7 9.0115
349 0 0 192 0 1056 809 28 33.605
349 0 0 192 0 1056 809 90 40.658
349 0 0 192 0 1056 809 120 40.858
238 0 0 186 0 1119 789 7 12.052
238 0 0 186 0 1119 789 28 17.54
296 0 0 186 0 1090 769 7 18.912
296 0 0 186 0 1090 769 28 25.18
297 0 0 186 0 1040 734 7 30.957
480 0 0 192 0 936 721 28 43.892
480 0 0 192 0 936 721 90 54.276
397 0 0 186 0 1040 734 28 36.935
281 0 0 186 0 1104 774 7 14.5
281 0 0 185 0 1104 774 28 22.436
500 0 0 200 0 1125 613 1 12.638
500 0 0 200 0 1125 613 3 26.062
500 0 0 200 0 1125 613 7 33.212
500 0 0 200 0 1125 613 14 36.935
500 0 0 200 0 1125 613 28 44.092
540 0 0 173 0 1125 613 7 52.614
540 0 0 173 0 1125 613 14 59.764
540 0 0 173 0 1125 613 28 67.307
540 0 0 173 0 1125 613 90 69.658
540 0 0 173 0 1125 613 180 71.623
540 0 0 173 0 1125 613 270 74.167
350 0 0 203 0 974 775 7 18.126
350 0 0 203 0 974 775 14 22.532
350 0 0 203 0 974 775 28 27.338
350 0 0 203 0 974 775 56 29.978
350 0 0 203 0 974 775 90 31.35
350 0 0 203 0 974 775 180 32.723
385 0 0 186 0 966 763 1 6.2673
385 0 0 186 0 966 763 3 14.7
385 0 0 186 0 966 763 7 23.222
385 0 0 186 0 966 763 14 27.924
385 0 0 186 0 966 763 28 31.35
331 0 0 192 0 978 825 180 38.997
331 0 0 192 0 978 825 360 41.244
349 0 0 192 0 1047 806 3 14.989
331 0 0 192 0 978 825 3 13.521
382 0 0 186 0 1047 739 7 24.001
382 0 0 186 0 1047 739 28 37.425
382 0 0 186 0 1111 784 7 11.466
281 0 0 186 0 1104 774 28 22.436
339 0 0 185 0 1069 754 7 21.16
339 0 0 185 0 1069 754 28 31.84
295 0 0 185 0 1069 769 7 14.796
295 0 0 185 0 1069 769 28 25.18
238 0 0 185 0 1118 789 28 17.54
296 0 0 192 0 1085 765 7 14.203
296 0 0 192 0 1085 765 28 21.65
296 0 0 192 0 1085 765 90 29.392
331 0 0 192 0 879 825 3 13.521
331 0 0 192 0 978 825 7 16.265
331 0 0 192 0 978 825 28 31.447
331 0 0 192 0 978 825 90 37.232
349 0 0 192 0 1047 806 7 18.126
349 0 0 192 0 1047 806 28 32.723
349 0 0 192 0 1047 806 90 39.486
349 0 0 192 0 1047 806 180 41.051
349 0 0 192 0 1047 806 360 42.127
302 0 0 203 0 974 817 14 18.126
302 0 0 203 0 974 817 180 26.745
525 0 0 189 0 1125 613 180 61.922
500 0 0 200 0 1125 613 90 47.222
500 0 0 200 0 1125 613 180 51.042
500 0 0 200 0 1125 613 270 55.158
540 0 0 173 0 1125 613 3 41.637
252 0 0 185 0 1111 784 7 13.714
252 0 0 185 0 1111 784 28 19.691
339 0 0 185 0 1060 754 28 31.647
393 0 0 192 0 940 758 3 19.105
393 0 0 192 0 940 758 28 39.583
393 0 0 192 0 940 758 90 48.794
382 0 0 185 0 1047 739 7 24.001
382 0 0 185 0 1047 739 28 37.425
252 0 0 186 0 1111 784 7 11.466
252 0 0 185 0 1111 784 28 19.691
310 0 0 192 0 970 850 7 14.989
310 0 0 192 0 970 850 28 27.924
310 0 0 192 0 970 850 90 34.681
310 0 0 192 0 970 850 180 37.328
310 0 0 192 0 970 850 360 38.114
525 0 0 189 0 1125 613 3 33.798
525 0 0 189 0 1125 613 7 42.423
525 0 0 189 0 1125 613 14 48.401
525 0 0 189 0 1125 613 28 55.944
525 0 0 189 0 1125 613 90 58.785
525 0 0 189 0 1125 613 270 67.114
322 0 0 203 0 974 800 14 20.774
322 0 0 203 0 974 800 28 25.18
322 0 0 203 0 974 800 180 29.585
302 0 0 203 0 974 817 28 21.753
397 0 0 185 0 1040 734 28 39.093
480 0 0 192 0 936 721 3 24.394
522 0 0 146 0 896 896 7 50.511
522 0 0 146 0 896 896 28 74.987
273 105 82 210 9 904 680 28 37.17
162 190 148 179 19 838 741 28 33.757
154 144 112 220 10 923 658 28 16.499
147 115 89 202 9 860 829 28 19.988
152 178 139 168 18 944 695 28 36.349
310 143 111 168 22 914 651 28 33.688
144 0 175 158 18 943 844 28 15.417
304 140 0 214 6 895 722 28 33.419
374 0 0 190 7 1013 730 28 39.052
159 149 116 175 15 953 720 28 27.676
153 239 0 200 6 1002 684 28 26.855
310 143 0 168 10 914 804 28 45.299
305 0 100 196 10 959 705 28 30.123
151 0 184 167 12 991 772 28 15.568
142 167 130 174 11 883 785 28 44.609
298 137 107 201 6 878 655 28 53.524
321 164 0 190 5 870 774 28 57.213
366 187 0 191 7 824 757 28 65.907
280 129 100 172 9 825 805 28 52.821
252 97 76 194 8 835 821 28 33.398
165 0 150 182 12 1023 729 28 18.03
156 243 0 180 11 1022 698 28 37.363
160 188 146 203 11 829 710 28 32.84
298 0 107 186 6 879 815 28 42.637
318 0 126 210 6 861 737 28 40.059
287 121 94 188 9 904 696 28 41.941
326 166 0 174 9 882 790 28 61.232
356 0 142 193 11 801 778 28 40.865
132 207 161 179 5 867 736 28 33.302
322 149 0 186 8 951 709 28 52.421
164 0 200 181 13 849 846 28 15.086
314 0 113 170 10 925 783 28 38.459
321 0 128 182 11 870 780 28 37.259
140 164 128 237 6 869 656 28 35.225
288 121 0 177 7 908 829 28 42.134
298 0 107 210 11 880 744 28 31.874
265 111 86 195 6 833 790 28 41.541
160 250 0 168 12 1049 688 28 39.452
166 260 0 183 13 859 827 28 37.914
276 116 90 180 9 870 768 28 44.278
322 0 116 196 10 818 813 28 31.178
149 139 109 193 6 892 780 28 23.69
159 187 0 176 11 990 789 28 32.764
261 100 78 201 9 864 761 28 32.398
237 92 71 247 6 853 695 28 28.627
313 0 113 178 8 1002 689 28 36.804
155 183 0 193 9 1047 697 28 18.285
146 230 0 202 3 827 872 28 33.06
296 0 107 221 11 819 778 28 31.419
133 210 0 196 3 949 795 28 31.026
313 145 0 178 8 867 824 28 44.388
152 0 112 184 8 992 816 28 12.176
153 145 113 178 8 1002 689 28 25.559
140 133 103 200 7 916 753 28 36.439
149 236 0 176 13 847 893 28 32.957
300 0 120 212 10 878 728 28 23.835
153 145 113 178 8 867 824 28 26.228
148 0 137 158 16 1002 830 28 17.954
326 0 138 199 11 801 792 28 40.679
153 145 0 178 8 1000 822 28 19.009
262 111 86 195 5 895 733 28 33.715
158 0 195 220 11 898 713 28 8.5357
151 0 185 167 16 1074 678 28 13.459
273 0 90 199 11 931 762 28 32.24
149 118 92 183 7 953 780 28 23.518
143 169 143 191 8 967 643 28 29.723
260 101 78 171 10 936 763 28 49.773
313 161 0 178 10 917 759 28 52.442
284 120 0 168 7 970 794 28 40.934
336 0 0 182 3 986 817 28 44.864
145 0 134 181 11 979 812 28 13.197
150 237 0 174 12 1069 675 28 37.432
144 170 133 192 8 814 805 28 29.868
331 170 0 195 8 811 802 28 56.613
155 0 143 193 9 1047 697 28 12.459
155 183 0 193 9 877 868 28 23.787
135 0 166 180 10 961 805 28 13.293
266 112 87 178 10 910 745 28 39.417
314 145 113 179 8 869 690 28 46.229
313 145 0 127 8 1000 822 28 44.519
146 173 0 182 3 986 817 28 23.739
144 136 106 178 7 941 774 28 26.145
148 0 182 181 15 839 884 28 15.52
277 117 91 191 7 946 666 28 43.575
298 0 107 164 13 953 784 28 35.86
313 145 0 178 8 1002 689 28 41.051
155 184 143 194 9 880 699 28 28.986
289 134 0 195 6 924 760 28 46.243
148 175 0 171 2 1000 828 28 26.917
145 0 179 202 8 824 869 28 10.535
313 0 0 178 8 1000 822 28 25.097
136 162 126 172 10 923 764 28 29.068
155 0 143 193 9 877 868 28 9.7354
255 99 77 189 6 919 749 28 33.798
162 207 172 216 10 822 638 28 39.845
136 196 98 199 6 847 783 28 26.965
164 163 128 197 8 961 641 28 27.234
162 214 164 202 10 820 680 28 30.647
157 214 152 200 9 819 704 28 33.053
149 153 194 192 8 935 623 28 24.58
135 105 193 196 6 965 643 28 21.912
159 209 161 201 7 848 669 28 30.882
144 15 195 176 6 1021 709 28 15.341
154 174 185 228 7 845 612 28 24.339
167 187 195 185 7 898 636 28 23.89
184 86 190 213 6 923 623 28 22.932
156 178 187 221 7 854 614 28 29.413
236.9 91.7 71.5 246.9 6 852.9 695.4 28 28.63
313.3 0 113 178.5 8 1001.9 688.7 28 36.805
154.8 183.4 0 193.3 9.1 1047.4 696.7 28 18.288
145.9 230.5 0 202.5 3.4 827 871.8 28 32.72
296 0 106.7 221.4 10.5 819.2 778.4 28 31.42
133.1 210.2 0 195.7 3.1 949.4 795.3 28 28.938
313.3 145 0 178.5 8 867.2 824 28 40.925
151.6 0 111.9 184.4 7.9 992 815.9 28 12.181
153.1 145 113 178.5 8 1001.9 688.7 28 25.56
139.9 132.6 103.3 200.3 7.4 916 753.4 28 36.444
149.5 236 0 175.8 12.6 846.8 892.7 28 32.964
299.8 0 119.8 211.5 9.9 878.2 727.6 28 23.836
153.1 145 113 178.5 8 867.2 824 28 26.233
148.1 0 136.6 158.1 16.1 1001.8 830.1 28 17.959
326.5 0 137.9 199 10.8 801.1 792.5 28 38.631
152.7 144.7 0 178.1 8 999.7 822.2 28 19.01
261.9 110.5 86.1 195.4 5 895.2 732.6 28 33.719
158.4 0 194.9 219.7 11 897.7 712.9 28 8.5364
150.7 0 185.3 166.7 15.6 1074.5 678 28 13.461
272.6 0 89.6 198.7 10.6 931.3 762.2 28 32.245
149 117.6 91.7 182.9 7.1 953.4 780.3 28 23.524
143 169.4 142.7 190.7 8.4 967.4 643.5 28 29.726
259.9 100.6 78.4 170.6 10.4 935.7 762.9 28 49.773
312.9 160.5 0 177.6 9.6 916.6 759.5 28 52.446
284 119.7 0 168.3 7.2 970.4 794.2 28 40.935
336.5 0 0 181.9 3.4 985.8 816.8 28 44.868
144.8 0 133.6 180.8 11.1 979.5 811.5 28 13.202
150 236.8 0 173.8 11.9 1069.3 674.8 28 37.432
143.7 170.2 132.6 191.6 8.5 814.1 805.3 28 29.871
330.5 169.6 0 194.9 8.1 811 802.3 28 56.619
154.8 0 142.8 193.3 9.1 1047.4 696.7 28 12.46
154.8 183.4 0 193.3 9.1 877.2 867.7 28 23.787
134.7 0 165.7 180.2 10 961 804.9 28 13.294
266.2 112.3 87.5 177.9 10.4 909.7 744.5 28 39.421
314 145.3 113.2 178.9 8 869.1 690.2 28 46.234
312.7 144.7 0 127.3 8 999.7 822.2 28 44.524
145.7 172.6 0 181.9 3.4 985.8 816.8 28 23.744
143.8 136.3 106.2 178.1 7.5 941.5 774.3 28 26.148
148.1 0 182.1 181.4 15 838.9 884.3 28 15.526
277 116.8 91 190.6 7 946.5 665.6 28 43.578
298.1 0 107.5 163.6 12.8 953.2 784 28 35.866
313.3 145 0 178.5 8 1001.9 688.7 28 41.053
155.2 183.9 143.2 193.8 9.2 879.6 698.5 28 28.991
289 133.7 0 194.9 5.5 924.1 760.1 28 46.247
147.8 175.1 0 171.2 2.2 1000 828.5 28 26.923
145.4 0 178.9 201.7 7.8 824 868.7 28 10.536
312.7 0 0 178.1 8 999.7 822.2 28 25.104
136.4 161.6 125.8 171.6 10.4 922.6 764.4 28 29.073
154.8 0 142.8 193.3 9.1 877.2 867.7 28 9.7382
255.3 98.8 77 188.6 6.5 919 749.3 28 33.799
272.8 105.1 81.8 209.7 9 904 679.7 28 37.171
162 190.1 148.1 178.8 18.8 838.1 741.4 28 33.762
153.6 144.2 112.3 220.1 10.1 923.2 657.9 28 16.504
146.5 114.6 89.3 201.9 8.8 860 829.5 28 19.988
151.8 178.1 138.7 167.5 18.3 944 694.6 28 36.35
309.9 142.8 111.2 167.8 22.1 913.9 651.2 28 38.216
143.6 0 174.9 158.4 17.9 942.7 844.5 28 15.424
303.6 139.9 0 213.5 6.2 895.5 722.5 28 33.42
374.3 0 0 190.2 6.7 1013.2 730.4 28 39.056
158.6 148.9 116 175.1 15 953.3 719.7 28 27.681
152.6 238.7 0 200 6.3 1001.8 683.9 28 26.86
310 142.8 0 167.9 10 914.3 804 28 45.305
304.8 0 99.6 196 9.8 959.4 705.2 28 30.123
150.9 0 183.9 166.6 11.6 991.2 772.2 28 15.57
141.9 166.6 129.7 173.5 10.9 882.6 785.3 28 44.612
297.8 137.2 106.9 201.3 6 878.4 655.3 28 53.525
321.3 164.2 0 190.5 4.6 870 774 28 57.218
366 187 0 191.3 6.6 824.3 756.9 28 65.909
279.8 128.9 100.4 172.4 9.5 825.1 804.9 28 52.827
252.1 97.1 75.6 193.8 8.3 835.5 821.4 28 33.4
164.6 0 150.4 181.6 11.7 1023.3 728.9 28 18.034
155.6 243.5 0 180.3 10.7 1022 697.7 28 37.363
160.2 188 146.4 203.2 11.3 828.7 709.7 28 35.314
298.1 0 107 186.4 6.1 879 815.2 28 42.644
317.9 0 126.5 209.7 5.7 860.5 736.6 28 40.062
287.3 120.5 93.9 187.6 9.2 904.4 695.9 28 43.798
325.6 166.4 0 174 8.9 881.6 790 28 61.236
355.9 0 141.6 193.3 11 801.4 778.4 28 40.869
132 206.5 160.9 178.9 5.5 866.9 735.6 28 33.307
322.5 148.6 0 185.8 8.5 951 709.5 28 52.426
164.2 0 200.1 181.2 12.6 849.3 846 28 15.091
313.8 0 112.6 169.9 10.1 925.3 782.9 28 38.461
321.4 0 127.9 182.5 11.5 870.1 779.7 28 37.265
139.7 163.9 127.7 236.7 5.8 868.6 655.6 28 35.225
288.4 121 0 177.4 7 907.9 829.5 28 42.14
298.2 0 107 209.7 11.1 879.6 744.2 28 31.875
264.5 111 86.5 195.5 5.9 832.6 790.4 28 41.542
159.8 250 0 168.4 12.2 1049.3 688.2 28 39.456
166 259.7 0 183.2 12.7 858.8 826.8 28 37.917
276.4 116 90.3 179.6 8.9 870.1 768.3 28 44.284
322.2 0 115.6 196 10.4 817.9 813.4 28 31.179
148.5 139.4 108.6 192.7 6.1 892.4 780 28 23.697
159.1 186.7 0 175.6 11.3 989.6 788.9 28 32.768
260.9 100.5 78.3 200.6 8.6 864.5 761.5 28 32.401
