3.3818 -1.2049
0.95391 1.1275
2.1811 0.0044109
7.2627 1.1136
-2.3861 -0.7519
4.9791 -1.5121
-6.8661 -0.48237
-8.8375 -0.041104
-3.2059 1.2073
6.3435 -0.83364
-2.449 -1.2103
9.4521 -0.74796
2.1064 1.7079
-3.2353 1.6662
8.5597 1.8169
7.9685 2.3345
7.0141 0.91685
-4.8642 0.1868
-4.2901 1.5919
5.5989 1.0943
4.0279 -0.26869
-0.14976 0.78001
9.3534 -1.4721
-0.47677 0.11214
9.8981 -0.60978
-0.18843 0.36601
0.069068 1.3458
5.3755 -1.4275
-2.2383 0.72057
-0.93481 -1.7479
-7.3429 -0.83139
5.1701 -0.5901
1.3047 2.0316
2.9727 -0.15509
5.9612 -1.2524
-5.591 2.0548
7.1578 1.1299
8.0946 -0.94248
-4.1596 1.171
4.5174 -2.6816
-3.2111 0.86035
-4.5464 2.3734
-6.5945 -0.4891
3.2804 -1.0467
0.71703 1.8841
6.5822 -0.21614
-4.6528 0.17975
-6.4769 -1.4543
-1.3763 -2.4488
-0.4869 -0.19211
5.7044 -0.87874
-7.387 -0.10443
-8.9729 -0.49336
2.5501 0.34789
-9.4182 -1.728
-7.2761 -1.6131
3.8911 -0.57686
0.31358 -0.11968
0.85165 2.0274
6.1697 -1.9447
5.8737 -0.57932
0.037342 0.15191
-4.4674 0.24777
-7.6067 -0.85758
7.732 2.6538
9.4058 -1.0314
8.8505 0.19233
2.7626 -1.0491
-8.1882 -0.21673
-8.5058 -2.001
-6.351 -0.92594
-9.3662 1.3645
4.4987 -0.15384
-7.1168 -1.4964
2.7185 1.4271
5.797 -1.1264
1.3251 1.076
-2.4517 1.1979
6.4317 2.4052
-3.9024 0.24634
-3.6125 0.42372
5.6996 0.48807
0.074729 0.68217
-4.7801 0.76469
4.6495 -1.2075
-6.741 -1.226
8.4215 -1.4287
-5.5555 0.50847
-8.3278 -2.0877
-8.526 -1.0105
5.391 1.6899
6.3535 0.10418
4.8085 0.51414
5.165 -2.01
9.2239 1.4751
-0.6715 -2.2958
5.7399 -0.79685
-1.5486 -0.709
8.8746 1.1429
-9.9737 0.39752
9.6254 -1.2815
1.4039 -0.23157
-3.0706 -0.7931
1.1501 -0.10638
-4.0043 0.18052
-6.8185 -1.4607
3.3051 1.0793
3.6841 -0.24633
5.8482 -0.13794
-3.0275 -0.95282
-4.9985 1.2362
-3.0999 0.28136
-3.4273 -0.65417
8.5497 -0.42159
5.1214 -2.8524
-4.2352 1.7611
2.1236 -0.16109
5.3206 -0.77394
6.923 0.6802
8.0396 1.074
1.9141 0.30343
-8.6293 -0.94057
-5.6391 0.29353
7.3882 2.243
-1.7156 -2.1457
3.2242 -0.28841
5.6697 0.49068
-5.0423 1.3671
1.0885 -0.20227
-5.4083 1.5606
-9.8617 -2.2786
5.3328 -1.3062
-9.5633 1.7059
-2.1379 -0.34498
-4.9492 1.7637
-5.9157 0.26635
3.2456 -0.48403
8.2948 1.6003
-9.8619 2.7404
4.9285 -1.2451
5.9934 1.1513
8.156 0.41544
9.4915 -0.49672
-7.6027 -0.31787
0.3794 -0.53169
6.4395 1.098
2.7405 -1.2928
9.0782 -2.0811
8.9385 0.30839
9.3321 0.42142
-8.6531 0.57808
-1.2493 -0.8291
-3.5832 1.3818
-7.319 -0.6197
-7.3083 -0.17528
6.119 -1.1323
0.49529 0.39888
8.8851 -0.083964
9.7668 -0.57238
-1.8021 1.3233
-2.5762 -1.9399
-5.4629 0.76551
-1.0794 -1.2026
-4.6756 1.3787
-0.81807 1.0628
-1.3419 -0.061601
-4.8075 0.33856
-7.3257 -2.2974
-1.6154 -0.15101
0.13721 -0.85534
-3.5135 -0.35186
3.6938 -0.059197
-1.1381 -2.4303
-1.2867 0.59632
5.8605 -0.30742
6.3111 -0.20615
5.0423 -0.13826
5.7851 0.32849
0.025349 -0.22382
1.1036 1.9952
2.615 0.86991
-8.0402 0.11729
-5.0865 1.1943
2.3145 0.54487
-3.9008 2.4371
5.3394 -1.593
-4.6554 1.6315
-9.2099 1.8091
-4.0688 0.38658
1.1273 1.5379
9.3815 0.36283
3.7825 -0.94616
4.3576 -0.94128
1.1806 1.5426
0.66708 2.9472
7.5145 1.8293
-2.138 -1.0875
-0.83866 -2.7169
-5.8351 0.6823
5.1455 -0.6467
0.93384 0.012429
-2.8522 0.724
4.02 -0.37882
-7.8156 -0.41236
-9.8678 -0.057529
1.946 0.24656
3.1835 -0.50934
1.6001 -0.11101
8.199 0.41852
2.7201 1.1359
0.51123 -1.7661
-4.8075 -0.7765
-8.9766 -0.40675
4.639 -0.66882
-6.7142 -1.3666
-4.3921 1.4856
-4.8115 2.2541
0.94192 1.4924
0.82537 -0.8286
5.7623 -1.2282
7.3921 0.04141
5.7508 -0.84633
9.3886 -0.63507
-6.3906 -0.94886
8.612 2.6361
-9.097 -0.65494
-5.1871 0.73701
-9.8229 0.67405
3.4319 -2.0184
8.0963 -0.17084
1.4483 1.4624
-6.8908 -0.2195
0.047349 -1.1137
1.3547 2.1024
-6.2346 -0.018137
-3.5161 0.50748
4.3207 -0.815
1.0586 0.32169
-7.1544 -2.5964
-2.3927 -0.81168
-2.0686 -2.4436
1.5348 0.83469
-9.612 0.39345
1.5516 1.1978
8.6439 -0.68238
-7.8625 -0.63336
4.643 -2.2081
9.4105 0.26599
2.1777 1.4246
4.3933 0.64888
-3.945 -1.3311
-0.81955 0.098422
-9.0394 -0.53804
-2.293 -0.82569
-2.7657 -0.92953
-4.2483 1.1284
6.3343 -0.20757
-0.98944 -1.4545
6.1327 -0.68857
5.8035 0.15475
-4.3408 1.4234
-8.6338 0.38959
-8.9014 -0.13688
2.7505 0.23535
-1.5143 -2.1368
8.1106 1.282
-1.6536 -1.3032
-6.9188 -0.37218
0.79999 1.5919
8.7418 0.13824
3.2191 -0.55969
-2.1069 -1.1189
-4.8202 1.2068
6.9582 2.6619
8.9011 -0.37284
-2.46 0.7099
-8.6544 -0.91184
-6.3684 0.81282
1.515 1.0581
-6.2823 -0.53333
-4.171 0.59781
-0.76672 0.2651
-3.0605 1.1857
-3.6367 1.4361
-0.80171 -1.2823
-5.2821 -0.44677
-9.445 0.42105
3.1691 0.50051
-6.8239 -3.0273
6.0533 -0.20368
-1.8284 1.1286
-3.4522 0.11716
4.9203 -1.6227
4.927 -1.9848
-6.5209 -2.0464
-7.6491 -1.4685
-6.5192 0.067551
2.5482 -0.42472
6.8378 0.78009
0.20166 0.98826
-6.6847 -0.98413
4.2861 -0.41831
8.1407 1.5246
-5.6292 0.56551
7.4192 2.8634
-5.7633 -0.77541
6.7333 0.71013
7.186 -0.14165
0.46755 -0.27106
-0.45274 0.0035391
7.7977 2.0913
-8.6985 -0.49401
0.18912 1.4928
2.416 -0.26652
4.6713 -0.661
-5.4001 0.24182
-9.5626 -0.62001
-7.2202 -3.4374
5.3901 -0.018797
9.3953 1.9043
-2.2641 -0.26949
9.8686 0.94697
-3.4721 0.38353
-7.2568 -2.0573
-2.3049 -1.6149
1.2527 0.14717
2.6767 1.5507
0.83213 0.259
-3.7001 0.62139
-6.8135 -1.8389
-6.9477 -0.79972
-7.261 -2.4551
4.1961 -1.5721
-0.70271 0.1132
-7.7346 0.71677
4.0176 -0.28273
-6.4003 -0.019586
6.0734 0.86497
0.27912 1.0035
0.96877 -1.6247
-5.8431 -1.3656
5.6918 -1.3909
0.52979 -0.36825
1.4205 -0.61151
-1.5592 -1.6782
4.4231 -1.8896
-8.5372 0.3247
1.8972 0.33721
7.2395 -0.45892
-1.024 -1.2704
3.0515 -0.59504
-3.9305 0.97177
2.1488 0.60627
-4.422 -0.5274
5.9912 0.29251
5.9234 -0.71604
9.0817 -0.26368
-1.1132 -1.7489
-0.86234 0.034518
1.9963 0.80188
6.8524 -1.0138
-9.376 2.122
-6.2546 -0.31311
8.8719 0.79621
8.9584 0.80444
-0.94031 -2.1143
6.2167 1.1547
8.5776 1.0005
3.4543 -0.16403
-2.5534 0.79574
-1.8861 -0.79161
-1.2235 -2.6626
3.573 -0.43419
-0.69859 0.52385
9.0653 1.5644
-2.906 0.031296
-3.2196 -1.6156
7.9172 2.0944
0.90869 0.73131
4.9857 -0.771
-7.5025 0.34242
-0.9353 -0.40202
-8.505 -4.5177
3.2668 -1.7886
4.073 -1.6305
8.379 -0.42598
3.2014 0.093654
3.8021 -0.46156
7.0745 0.018145
-0.64197 0.57069
-0.83043 -1.5263
6.1221 -0.506
6.4953 -0.45681
-6.1913 -0.80469
-9.4865 0.11634
-8.8637 -1.9263
-7.1413 -1.0688
-6.5716 0.54587
2.5169 1.3986
-9.4097 -1.9612
-0.55335 -0.11883
3.5689 -0.87237
-7.7042 -0.53827
-5.2787 1.016
-4.2184 0.56436
-6.5449 -0.27203
-3.5259 0.9828
6.0222 0.46799
-4.0073 0.011882
5.5125 -2.024
1.0554 0.45105
1.0938 1.9084
4.6129 -0.65225
5.4725 -0.33076
8.0169 0.54422
-7.2367 -1.5811
5.8815 1.6861
-6.2117 -0.033773
-9.4205 -0.037513
-7.4523 -1.1941
-7.3253 -0.79375
-7.4338 -1.2325
8.7052 -0.38515
-4.5354 1.4773
8.8536 1.9804
2.763 0.55447
7.4506 0.1756
-2.6585 -0.40806
-5.276 1.8657
-6.2536 1.8127
0.91299 -0.61391
-4.8977 1.0969
-3.8835 0.24243
-9.689 0.80579
1.7498 1.1529
9.2512 -0.41589
6.997 -1.1525
-9.8412 -0.80969
2.6805 -0.16148
-2.8142 -0.5953
-7.7188 0.18487
0.81636 0.13408
-1.6716 -0.62289
0.34197 1.2412
7.7225 1.223
-7.0121 -0.58125
-1.3065 -1.5758
-8.8192 0.2721
-2.3794 0.93811
4.4474 -0.48955
-8.0976 -0.66315
3.3438 0.03453
-4.072 1.8359
1.9713 0.58998
-6.963 -1.1408
-1.2725 -0.42396
-9.7464 0.0095809
-5.4195 1.652
-4.7264 -0.46397
0.2277 1.5521
-5.6983 -0.17852
-3.0778 0.1748
4.9563 -1.4383
-1.7276 -0.27416
-8.8849 -1.9315
-2.1994 -1.8761
-0.51032 1.1439
6.5064 -0.75401
-3.9271 0.0088426
6.4358 0.21434
1.3136 0.1684
-8.9124 -0.34357
-4.7997 2.1721
1.7821 1.0464
-0.40533 1.3319
-6.027 -1.1963
-5.2197 0.58939
5.6039 -1.5023
2.3462 1.0826
-7.1174 -2.0025
4.3226 -2.6846
-1.9699 -1.315
-0.75229 -2.4984
4.1456 -1.7418
-1.9758 -1.4664
-9.7123 -1.3868
-8.5072 -0.23022
1.8214 1.2744
-1.08 -1.5091
8.5324 -0.61378
-8.1021 -1.2447
-2.4916 -0.77301
0.91998 -1.3774
-7.7664 0.31125
8.0893 1.408
2.6655 -1.2953
8.1082 2.9459
2.6111 0.35245
-9.7154 -1.1868
-3.6704 -0.4215
