-5.4375 1.0755 0.55643
-6.3786 -9.1753 3.1527
3.4403 6.044 0.82999
-3.4843 3.4302 3.4991
5.8118 -5.9934 2.178
0.92028 -9.7083 2.6107
-5.3889 5.2633 0.57026
3.7352 1.3502 2.6271
-9.0183 3.0843 1.3947
1.452 2.6948 0.25906
9.8752 4.6866 3.2598
-2.7406 7.7465 2.3931
1.1744 3.3182 1.4893
8.5456 -7.5865 2.2277
-4.8025 4.2747 1.511
6.6495 -1.0555 0.19164
-6.4975 2.8196 -0.12802
7.5968 2.9779 0.2708
-4.4073 3.5675 1.5217
6.9895 -8.8234 2.6715
6.1343 -5.5209 1.8932
-6.2175 -6.6404 2.1331
9.5712 8.5706 1.5452
-4.9254 0.30462 1.3195
5.5709 3.4673 2.8063
6.2157 3.356 1.2463
-0.040941 -8.3708 -0.26762
8.3145 -5.4985 2.5423
-7.9803 -4.3162 1.3527
-7.2835 8.2753 -0.21488
7.1663 -5.418 2.2449
-9.6271 -5.0276 2.5964
4.5666 3.5258 2.6945
6.3332 2.9698 2.3574
-7.6756 4.0735 1.9168
-0.22887 6.7421 1.1256
-3.051 4.5459 3.9216
5.4778 -9.6113 2.045
-4.2943 1.6749 1.5328
6.4879 8.4175 3.3911
-6.5388 -8.1664 3.1564
7.2729 1.0912 3.2941
8.5211 8.6161 2.965
-6.1779 -6.0109 2.5571
-8.993 0.50639 2.4517
0.96899 -7.4652 1.3024
-9.8096 4.9745 1.7076
6.5673 -3.7066 1.1886
8.1709 -6.2565 3.7333
4.1059 9.6079 4.3449
-5.1334 4.2565 3.0128
1.7846 6.513 1.3201
8.778 3.6644 0.79117
7.91 3.788 1.0931
2.1245 0.61752 1.1375
5.8476 -6.2229 0.71217
6.7234 -0.13969 -0.55109
1.2028 1.1908 -0.163
-9.9861 6.5656 2.4492
-4.9745 -5.9426 -0.042417
-1.361 0.55492 1.3529
-1.3869 6.1562 2.2098
7.5047 -2.8979 0.92975
-8.6472 0.9551 0.50801
-3.2019 4.3488 1.4089
-6.4588 -5.9498 1.361
-5.0793 2.8751 2.8311
4.5564 -9.9982 1.8541
-4.2359 0.26354 0.15017
-5.2532 1.3966 2.2949
-7.2068 -9.8593 2.9796
-5.5854 7.8494 0.27292
6.3509 6.6639 3.2028
-2.4354 5.5033 0.94149
3.3103 5.7627 0.046002
8.7163 -2.5274 2.0508
-1.4704 -6.9538 2.9543
2.1032 -2.9548 3.1623
9.3917 2.902 1.5928
-2.707 8.6387 2.6712
3.289 -8.1336 1.8673
-3.7049 4.7756 1.8008
7.7143 -8.8947 3.15
-4.0891 5.1432 2.2337
-4.0927 -0.73021 2.1795
8.1416 -9.0999 2.4895
-0.14231 6.8406 0.35515
-5.8572 -6.7058 2.5496
-9.4836 -7.6985 1.8453
-6.5958 -4.5688 0.77207
-3.9532 -3.7123 2.1951
9.2288 2.1218 1.9454
5.6731 3.5493 1.4686
3.4651 9.7528 2.1112
6.8144 9.8652 1.152
-1.5829 5.1507 3.7638
4.0747 -4.4988 0.39862
-0.37427 9.0803 -0.52126
6.4115 -1.7784 2.9598
-1.2522 -5.6675 0.94246
7.1995 2.5826 1.3381
-9.8221 -9.7026 1.3617
9.9206 -9.134 2.8969
-4.496 -6.3948 2.1156
-9.3297 -5.9907 2.4961
-6.958 4.3872 0.13686
-0.40808 -1.1426 -1.1247
7.7768 6.9099 2.218
-4.3316 -2.2042 0.076063
5.6825 6.751 3.8989
-6.5921 4.9684 2.3181
4.6259 1.6772 3.1922
-5.0676 -6.7885 0.2257
-8.3632 0.5768 1.6316
7.0582 -0.74658 1.7269
3.731 -2.4091 3.1112
9.1622 -8.1354 1.6516
9.7011 -4.8171 0.62989
0.69445 -3.2833 0.46222
8.1196 -2.4978 1.4485
-0.46703 -7.0748 0.72131
7.7934 -3.6646 1.7811
-9.523 -4.3755 2.2512
-7.4255 6.4025 4.1017
4.8128 -3.1582 1.1518
-2.1796 7.44 1.2896
-2.1274 -4.6394 3.7049
2.037 5.5086 4.4111
-9.5223 2.1842 1.2249
-2.2466 -9.6406 0.048087
-8.8651 4.0302 2.4919
3.7914 -9.685 1.2908
0.40782 3.6779 0.94419
-8.4783 7.558 1.8996
-1.8748 -1.3639 2.0233
-1.3957 2.6269 0.46249
3.1862 1.7208 2.1252
-5.6322 -5.4518 1.5805
-8.3782 5.6931 0.50902
-0.64657 -4.2473 1.0038
4.5734 8.4875 0.95154
2.2797 -4.0305 4.8246
8.012 0.72606 1.2674
-4.9444 -3.3271 1.8917
-5.5981 -5.2541 1.7676
-5.2839 0.90478 1.2822
6.2026 -7.8463 3.2162
4.0482 -7.2569 0.60933
7.5701 -8.1115 1.2316
4.2202 -3.7823 3.005
3.2216 6.2527 2.4602
-1.2085 0.27115 0.49309
1.2559 7.3295 3.0664
9.8062 9.6097 1.8999
9.1463 -3.4669 2.9421
-3.2636 -5.6077 1.9871
-6.8909 0.36447 2.807
-1.6584 -2.9399 2.6989
1.0895 7.1895 2.2362
-9.405 -4.7996 1.1421
7.3341 6.8744 1.5588
7.8883 1.656 2.2672
-0.056192 4.3881 1.2864
-5.8143 -3.1295 0.56224
4.4319 -9.8145 2.2741
3.9943 -6.1511 2.349
-0.78506 0.14776 -1.4907
-6.5881 -9.5152 0.8481
5.8874 1.0008 2.9613
7.77 -4.4763 1.453
-7.1497 3.9248 0.86392
8.7934 7.6271 1.6392
-9.9948 -9.5064 3.2481
-1.2239 -3.1759 2.1108
-9.7766 -1.5719 -0.39126
-5.3097 -8.3998 1.4473
4.1397 -8.4129 0.40523
3.8833 -8.5525 1.3843
-4.6976 8.0068 0.097694
-3.4685 9.3862 2.6618
-8.1353 -2.1739 2.985
-9.168 -3.7283 2.84
5.1856 1.0663 2.5622
-3.5025 5.841 3.2369
0.43644 5.9663 0.21954
9.0378 7.2652 1.4905
3.3796 5.9592 0.6056
-0.53757 -9.8725 -0.88918
2.9874 8.398 1.052
3.3127 -9.6408 0.67856
-5.3971 -9.4117 2.0521
6.0978 4.229 1.6213
0.055701 0.76828 0.69449
-1.3194 0.49177 -0.12658
4.1807 0.044799 1.3365
1.1053 -8.6866 1.794
-4.8999 -5.3992 0.3573
-8.496 -7.6592 0.040561
1.782 9.7954 -0.42398
3.4848 -8.5897 1.3381
1.7603 -8.7995 1.9892
0.67405 3.2315 1.6734
-0.54767 -3.1188 0.077414
-3.5238 -7.4297 1.5684
-1.3803 2.7427 -0.50423
5.298 4.9298 3.7794
9.9293 6.1053 1.212
-4.6996 -4.6195 2.3707
5.8413 -1.3204 0.14846
-7.3078 -1.9639 1.4441
-9.2893 2.1628 2.9158
-0.92107 5.4017 0.20549
1.2595 8.8225 2.2142
-5.3823 -7.3707 0.81731
-7.1048 -4.8855 2.6451
3.5419 -2.4338 2.4596
-2.9186 9.8747 1.8627
0.20945 -3.181 2.7863
3.8941 7.991 0.38861
1.9059 -5.2504 2.4643
0.12222 -5.6 2.7799
5.528 9.8215 2.3096
3.7041 9.0221 2.7026
-3.6101 2.7643 1.7916
6.6429 0.082617 1.8811
3.2164 -2.8376 0.17911
1.7414 5.369 0.76903
-9.6184 5.6873 0.90884
6.739 -9.4216 0.85411
-7.72 -8.9512 4.393
6.8084 -3.5316 3.7236
-3.2501 5.9937 1.3707
-1.4113 2.6046 2.2192
5.8756 9.656 0.34533
-7.1687 -6.835 1.2932
2.162 2.3335 1.6313
8.6126 -3.8257 2.3006
2.7289 -8.2984 3.186
-9.0446 7.5366 2.6167
3.9669 1.814 1.8916
-4.8578 -3.9375 3.2365
3.818 -6.6386 1.8107
-2.7364 -3.2025 2.628
0.83768 -8.6511 3.364
-5.5572 3.0698 0.81781
8.1097 -5.1143 1.7176
-2.5292 5.1584 0.99525
-8.4237 -4.0197 0.42734
-9.3814 -1.6237 2.8642
2.538 -8.8834 1.5148
8.7399 -9.3829 0.29801
-3.6013 -6.2684 0.96937
4.9035 -4.5819 2.9815
-4.2214 -8.6751 2.6435
-7.5129 -3.3301 2.1043
0.28162 -9.0019 -0.57906
-2.2498 -7.9738 1.4418
9.5722 -8.5626 1.0374
-4.1636 8.0903 3.3352
1.8469 -3.764 1.2535
1.4271 1.8354 2.5759
2.3171 -2.4475 3.6348
1.2183 9.0313 3.0249
-4.4028 4.8479 2.6173
-6.963 7.7419 0.7097
4.6603 1.9779 4.2606
-9.206 3.7926 0.67346
6.0324 -2.1777 1.2704
-1.8717 -5.5345 1.9072
6.6002 -7.3748 2.7458
9.4207 -6.5504 2.2728
-1.5503 8.772 1.0492
-8.9219 -9.3104 1.005
5.7407 7.5911 0.49699
2.6015 0.44655 0.63564
0.17639 6.1649 0.71233
1.3537 -1.0484 1.1773
-3.8162 -3.0692 1.603
4.9427 5.143 2.5003
-3.2668 -2.7957 1.8347
7.6671 1.1321 1.0347
-3.3269 7.7744 1.7147
5.9203 6.8033 3.6383
6.0957 -5.1195 2.0629
-8.9952 -1.2876 2.7944
-1.9499 6.5711 1.5546
9.3038 -6.9459 1.2981
-1.7125 5.1591 3.2876
-3.3895 7.5302 2.6041
2.7274 0.042472 0.37889
7.1605 1.4053 3.1714
5.7657 7.0296 1.7623
0.76819 9.6929 1.1918
4.8334 5.8043 1.9469
4.7944 -2.9863 1.8306
-1.1041 0.038097 0.8813
7.0082 -4.8958 0.56706
-0.1093 0.19743 0.55075
8.9632 -8.4276 -0.45722
5.9558 -8.882 1.982
-7.3391 2.6998 0.85734
-5.2446 2.3381 2.4235
-7.4455 -8.3705 0.98947
0.68241 2.1904 2.0046
-8.8661 0.89341 0.68638
-0.6285 7.1184 0.19186
9.6538 2.8538 2.2574
3.6444 -4.5673 1.6278
7.418 -7.865 1.473
-0.075789 -8.7897 0.44501
-4.2468 2.4377 2.8166
-6.3396 3.9814 1.5028
9.2244 -4.5012 1.8843
5.1252 -1.5606 1.2583
9.0071 -2.6835 1.8044
3.4253 -8.3568 1.2043
-6.2789 -8.6046 2.515
-4.2032 -7.5822 2.2611
-8.8358 3.5571 2.8409
-9.1187 -5.6213 2.2522
-4.4088 -5.2544 2.323
-6.5906 -9.8273 2.1901
3.542 4.5422 3.5387
8.0484 1.2207 1.5623
-2.9603 1.0395 1.1661
-7.9968 4.8451 2.2779
5.86 6.4927 1.5981
-0.63135 -2.1321 -0.23317
3.7468 -7.2811 1.3993
3.6616 -6.0851 1.4362
-1.5713 4.406 2.3258
3.1869 3.3927 2.5152
2.6685 -8.803 1.7723
0.50292 -2.3145 1.2594
-6.1744 -0.17528 0.10929
0.23812 5.4832 0.90396
4.9666 -7.0438 1.6925
-1.6035 -0.28932 1.568
4.7496 -8.5633 2.8618
3.7294 5.7489 1.445
9.1145 -2.1254 0.023011
-3.8419 -5.2768 2.0549
-3.154 -8.3886 3.1587
-2.2593 -8.4199 3.0773
-9.4765 8.5486 2.6269
2.6709 -5.9057 2.9722
1.305 9.1316 0.81225
-2.6898 -3.2052 0.715
-1.5708 9.1993 2.318
-0.75599 -3.1371 1.0819
-3.7112 -8.7315 0.80878
-5.4868 2.2495 2.6672
-7.6813 1.1123 2.9848
-7.3207 8.129 2.2602
8.9305 -5.9755 2.2792
-0.15134 5.7539 1.1238
4.9643 -3.0456 1.2794
-3.7813 9.443 2.0154
-9.8459 6.721 2.8548
2.3124 4.2361 0.82035
-2.8485 -5.702 2.9378
2.9766 -9.691 3.2434
6.9195 -5.7991 1.9124
-7.9729 0.72937 1.1054
1.766 -7.8308 3.2774
1.6476 7.0752 2.354
0.43608 8.217 1.4792
-0.908 -3.3255 1.2468
9.334 -0.61714 0.31039
-6.3539 -9.9421 1.548
1.1878 -3.7818 2.0784
2.5295 -0.29556 0.066092
-9.3974 -4.7567 1.9672
2.8455 3.6622 1.2434
6.7632 8.2237 0.65835
-2.0973 1.41 3.379
-1.2532 -4.6944 2.579
-8.3023 8.5694 1.7934
1.6275 -8.7151 3.0223
7.4336 2.526 2.0588
-5.8619 8.9656 2.4712
-8.1078 0.32787 1.4405
-6.241 9.1341 2.3013
3.3567 -4.5596 2.003
4.6484 0.5398 1.0651
2.6202 8.2238 1.2557
-0.63588 -5.7063 2.318
-3.7128 6.5357 1.6962
2.8293 -7.2334 1.9425
1.2405 -1.245 0.33582
3.2745 7.5057 2.0224
-7.5025 4.0862 3.4963
3.4805 -0.059556 -0.11929
3.6062 2.1919 2.6738
8.6024 -8.4434 0.53491
6.5764 -5.1713 2.5341
-6.438 -9.4843 3.5373
8.9848 6.9295 2.1235
-6.0075 -9.7027 0.84402
-5.6464 1.0083 3.2262
-9.8296 -7.6066 0.94956
-3.9875 1.759 1.2285
-4.5106 2.4442 2.4084
1.729 4.9404 2.2727
-2.0689 -3.8014 1.8667
-6.2719 8.3301 2.2522
-2.1437 5.6453 2.3912
-6.9081 -7.9791 1.8304
6.6461 -4.3779 2.2625
-7.005 8.1501 1.6289
3.5909 -7.7783 1.4736
5.0018 5.7964 1.4866
-9.7022 -7.9544 2.0786
-7.1551 5.3589 0.98841
-9.3869 3.2411 1.2924
6.1739 5.462 1.8777
-9.0571 8.6396 2.3573
3.3236 -6.4623 1.7867
-0.87935 -9.5916 1.3716
6.0599 6.6728 1.369
-2.8312 -0.53613 -0.46041
-9.4933 -7.8271 1.3959
-5.6282 -8.2189 1.4064
4.2183 -7.6974 3.4269
0.97842 -6.6405 2.502
7.3939 9.4502 2.5092
4.7767 -4.2799 3.2179
-7.9354 1.9805 2.0207
9.4287 7.0442 1.4306
4.7743 -5.1043 2.8549
-9.7228 4.5434 1.3192
3.5824 -1.9842 1.1527
-0.28995 -3.788 1.5446
-9.3056 3.076 1.4071
-7.7112 -2.1635 0.91395
-8.4675 -7.6133 1.2125
2.1565 9.5708 1.3184
-5.3307 0.36504 -0.35513
-7.1598 0.15537 0.25798
0.60346 -3.4996 1.6375
8.606 -6.0546 4.164
2.3381 7.2579 1.38
3.7978 -4.6426 2.5917
-5.3115 0.77362 3.0425
-5.8631 1.0293 1.5122
-9.2527 9.2651 1.6202
3.2673 -4.6085 2.199
0.14509 -4.6856 1.2062
-0.28399 -3.8002 0.17909
7.2339 1.146 1.7463
9.3103 -2.4362 1.3796
5.1938 -5.0847 0.89993
-5.0664 3.5236 2.1105
3.5253 -4.7741 2.8907
5.1861 9.2297 2.5962
1.7238 -0.048465 0.90002
6.4488 -1.4446 2.5154
8.5367 1.3558 2.8506
2.7513 2.2608 1.8052
-9.6212 6.1399 1.6714
-6.3132 7.6157 2.7107
-9.4652 -6.8004 1.991
8.7 -8.2165 3.8683
-0.31065 -3.7373 -0.29183
5.8957 2.1471 0.46078
-0.86329 -2.4252 0.26622
-0.11581 8.5109 1.1388
-1.4857 -8.8597 1.7715
7.8354 9.8803 1.7615
7.4857 3.3392 2.9277
2.663 2.343 1.7959
-4.1544 -7.0423 2.5124
-4.1664 -9.4201 3.624
-5.09 1.4494 2.9719
4.087 -9.4004 1.5086
5.4922 4.2307 4.2156
6.4531 -5.7192 2.9705
6.1238 -4.8963 2.2292
-4.9246 9.1719 0.93338
6.01 -6.3622 3.7015
2.5942 5.9691 1.866
-5.37 -9.1991 1.8848
-2.3785 -3.8168 1.9944
-0.93597 9.3418 1.6601
0.011191 -4.6602 3.2107
0.81143 -7.5625 2.6546
-3.0971 2.1476 1.864
-4.1714 2.907 3.5723
4.0706 7.4885 1.6444
8.6816 7.9466 0.93283
1.8835 -8.9364 1.4706
1.8618 5.1903 1.3147
4.7746 7.1781 1.873
-2.5471 -0.36554 0.92565
-0.93459 -8.4981 2.2588
0.18751 -8.1856 0.29602
8.5742 -5.9957 2.9993
-0.98424 5.5657 1.1767
2.7487 -1.8544 2.4166
-0.81272 6.5408 3.1419
