-2.5092 3.9632 -6.2973 0.38164 -4.7659 158.33
9.0143 0.72193 0.83802 -0.41636 -5.0604 0.59803
4.6399 -3.8094 7.4589 -9.4872 8.1251 310.4
1.9732 6.2759 4.6445 -3.175 -5.0091 50.662
-6.8796 3.6946 6.1312 -2.3961 -4.561 141.23
-6.8801 -6.7477 3.1757 -2.0235 5.188 14.327
-8.8383 8.2185 3.8455 1.6034 -1.0052 27.935
7.3235 6.4507 6.9839 0.67205 5.5342 244.68
2.0223 8.996 -5.0066 2.1581 -8.6927 71.765
4.1615 4.5144 -0.2115 5.2977 -0.24858 -1.2493
-9.5883 2.2683 -5.5758 6.2597 -9.3277 97.683
9.3982 -1.6351 9.7534 4.3625 -8.7469 904.98
6.6489 8.6546 8.8812 9.1105 8.1287 631.69
-5.7532 7.3213 -9.2115 -9.6353 -7.2151 723.76
-6.3635 -9.0956 4.1115 -6.0844 0.64841 37.349
-6.3319 -9.4727 8.505 -9.8487 -1.7781 531.94
-3.9152 -2.4707 -6.3885 2.9495 -3.0531 167.09
0.49513 6.2111 1.3589 7.9606 7.9967 6.6767
-1.3611 9.7455 8.3098 -5.1304 -9.5635 482.9
-4.1754 -6.9917 -9.3211 8.5407 3.2758 760.41
2.2371 1.8826 3.9484 -8.7947 9.2679 24.866
-7.2101 -2.3822 -4.053 8.6887 1.2034 28.604
-4.1571 9.3983 8.4879 -2.9675 8.7364 530.26
-2.6728 6.8424 9.4212 -7.9716 -8.9548 790.85
-0.8786 6.7666 8.8853 -0.28256 -1.6241 627.64
5.7035 -0.62614 -0.51572 -4.8645 -4.7968 -0.95142
-6.0065 -1.7036 7.2409 -4.3025 4.6164 274.84
0.28469 -4.5319 6.891 -3.8542 9.6259 228.83
1.8483 -8.8725 -3.618 6.0605 -4.8694 26.888
-9.071 7.2944 6.5783 0.78323 3.0835 193.38
2.1509 6.258 -9.2598 -3.7738 -6.038 740.18
-6.5895 9.9944 1.9254 2.2067 1.3066 12.121
-8.699 9.9327 -5.3998 4.323 -0.72135 94.933
8.9777 1.1086 -7.5887 -4.5475 9.4401 333.75
9.3126 5.3797 -8.4609 -1.729 2.1705 515.5
6.1679 8.8953 3.9258 -7.5623 -3.0099 29.611
-3.9077 6.9929 -3.2025 -6.377 -7.7181 14.529
-8.0466 -5.053 4.4953 3.6224 -6.9751 41.328
3.6847 -0.98912 -8.6929 -6.3712 -5.4937 568.74
-1.197 -7.4168 -3.6942 0.50327 -4.9807 22.602
-7.5592 9.081 0.78983 4.1809 7.0123 7.6554
-0.096462 2.1235 5.8145 -7.8625 1.2245 113.68
-9.3122 -5.4271 -3.6249 1.3462 0.46782 18.388
8.1864 3.434 2.5178 -4.8687 -7.7046 5.0993
-4.8244 2.3626 7.7196 9.2585 7.2028 358.31
3.2504 -2.8367 2.3173 -0.32909 4.4563 3.1751
-3.7658 -7.7288 -5.3408 6.1199 -8.6466 88.328
0.40136 3.4315 -9.512 1.0045 4.1567 821.65
0.93421 0.40615 7.402 -9.1317 0.87076 298.57
-6.3029 5.4464 -9.5746 2.663 -8.3655 842.01
9.3917 0.40327 7.494 9.0281 -0.83399 315.5
5.5027 7.0436 0.57874 2.0322 -0.30607 3.5015
8.79 1.0381 8.7814 6.3838 -6.6845 596.13
7.8965 1.2188 5.9757 7.6841 8.914 130.12
1.958 7.5331 9.9587 -5.4384 6.9995 990.07
8.4375 -1.9303 -2.9858 -5.7591 3.3804 6.9128
-8.2301 -7.3197 5.3438 2.2196 -0.75409 86.753
-6.0803 -9.4243 -1.9614 -1.7794 -1.7647 8.9696
-9.0955 5.1027 -0.40249 6.7972 3.0195 3.3246
-3.4934 2.4062 2.5501 8.0005 0.90864 6.3208
-2.2265 4.0816 7.4735 -2.9316 -8.7545 313.03
-4.573 -5.7407 9.6817 -5.2626 0.25005 881.1
6.5748 -7.2726 5.3655 5.6105 6.1281 86.607
-2.8649 -9.7091 -1.6447 -4.5039 -0.8152 9.5371
-4.3813 -2.9882 -1.5729 6.4523 -8.9609 4.0003
0.85392 1.7984 4.7516 -1.5252 5.7256 53.713
-7.1815 -2.1551 -5.2245 3.351 -5.9727 74.131
6.0439 -1.2505 -7.7905 -8.0893 -4.8276 366.49
-8.509 8.0832 -2.9076 2.4772 -6.7059 13.272
9.7377 -3.0349 -4.2552 -0.96465 -3.3957 31.99
5.4449 0.27979 -4.0738 1.7322 5.135 27.971
-6.0257 5.6731 -5.3278 -6.6397 0.38772 83.929
-9.8896 -2.0691 -9.1581 4.7375 -5.9024 705.26
6.3092 2.4417 -9.6425 7.2559 7.5566 869.36
4.1371 7.2473 9.7544 -5.6652 7.5916 910.34
4.5801 8.9904 -1.4445 -8.0857 7.4116 6.9505
5.4254 -7.0585 -2.3135 -9.5272 -5.2241 5.5897
-8.5191 8.5318 3.5929 2.8394 -0.97521 21.574
-2.8307 -0.15767 -5.6349 2.1419 9.6998 101.01
-7.6826 -4.8351 8.9992 0.93395 5.4402 657.45
7.2621 -0.81728 5.7269 -5.3611 -9.4567 106.46
2.466 9.6007 -8.2118 -2.1819 -8.6959 463.63
-3.382 -0.14764 -1.6484 1.8895 -0.72137 0.27301
-8.7288 -3.425 7.5824 -0.064663 8.1844 333
-3.7804 2.668 8.8946 9.7557 0.77404 628.27
-3.4963 -5.1971 -0.65197 -7.2712 -0.04375 2.3256
4.5921 -8.4827 2.2682 3.9029 -7.8905 8.1232
2.7511 -7.4224 -6.6593 -1.9136 3.1356 202.83
7.7443 -7.4391 9.8234 -1.436 6.4421 939.05
-0.5557 -6.9619 -5.3666 4.352 -2.3916 86.592
-7.6081 -7.2235 8.8546 3.8487 5.5122 619.25
4.2649 2.8175 2.9929 9.8251 9.2895 9.524
5.2157 -6.3624 2.1547 -7.4321 -5.9247 2.6461
1.2255 -3.0867 0.25377 -7.9178 0.46659 0.32977
5.4193 7.9358 -5.3866 4.4868 -4.2572 89.274
-0.12409 -0.52077 -6.4694 1.5677 5.8571 176.69
0.45466 3.3512 -5.5903 -4.5168 1.5519 99.192
-1.4492 -6.5536 -6.2712 -8.4116 2.6916 157.6
-9.4916 -6.1542 5.5917 -8.2868 5.9583 102.23
-7.8422 -9.1826 -2.9975 7.8838 -2.0806 15.948
-9.3714 -6.6213 -8.8431 -6.1627 8.3018 616.48
2.7282 -4.4282 9.3821 -3.5326 0.66058 776.78
-3.7129 -6.4598 7.6757 -5.4669 -6.8409 350.87
0.17141 -8.2259 8.555 -2.9001 3.918 542.12
8.1513 -7.5873 9.8982 -8.6115 5.8652 963.88
-5.0142 -0.78442 -6.5221 0.3812 -3.6648 181.5
-1.7923 -5.8733 -2.0752 -8.6477 7.1436 5.6008
5.111 -2.7146 5.1648 6.0071 8.1229 73.309
-5.424 0.068345 3.9204 -5.3258 -4.4619 24.367
-8.4604 3.8079 -6.9221 0.80024 9.6704 232.5
-4.205 -9.2138 6.3167 7.6016 -7.1858 168.7
-6.7756 5.9882 -5.5112 3.0175 -5.9597 95.269
8.594 2.558 -5.5236 0.65916 -6.3155 93.3
6.1624 -8.3648 0.73949 -3.5133 7.8798 7.027
2.6681 7.4716 1.8588 -3.34 3.0859 7.8226
7.4292 8.4174 1.6017 3.3897 -6.9579 9.5017
6.0734 -8.7784 -8.1703 9.8828 -1.1935 453.83
-6.2686 -4.4624 7.5492 3.2368 2.306 326.9
7.8512 6.124 -4.688 1.1557 -8.3307 52.334
0.78684 4.9652 -7.4097 4.613 7.6483 306.44
6.1488 -6.3096 7.775 -0.69589 6.0721 368.36
7.9218 -5.813 9.113 -8.7972 0.10414 690.9
-3.6399 -2.5906 7.2426 1.2459 9.3425 276.81
-7.799 -0.30954 6.1903 9.1525 -1.6448 145.38
-5.4413 2.3651 3.1048 -6.4939 9.6822 10.409
-1.4578 -2.6217 1.0171 3.8001 3.3584 0.36882
6.3603 -0.74931 -8.2603 -5.9813 2.6934 464.91
7.2146 4.9494 -1.8309 0.71655 -6.6809 5.232
-9.861 -9.2663 -2.5462 -8.0665 7.6386 13.496
0.21495 -4.9513 -4.8049 -0.99258 -1.4502 56.023
-1.6518 4.267 4.4684 5.1233 -6.7553 41.15
-5.5578 7.9041 -0.082485 -3.0486 -9.7478 4.4925
-7.6027 0.23355 -8.3791 3.2982 1.1951 493.45
-3.2477 0.64227 -5.5963 5.909 0.54799 98.805
8.8582 -7.8566 3.6652 8.5436 4.3871 26.719
-3.5359 -1.0518 -8.4774 -5.3072 7.8052 516.15
0.37581 0.65235 7.0241 -2.0137 -8.4119 241.24
4.0604 -5.1506 -0.097069 -6.9517 4.6299 2.4437
-2.7274 -4.6151 -0.38827 9.8497 -6.2518 2.466
9.4356 -2.4543 1.8482 8.54 7.1635 2.4265
9.2489 -9.5986 6.4936 0.79914 6.3813 187.04
-4.9644 -3.5584 -3.0438 6.8407 0.81588 12.709
-0.05503 -5.771 3.5603 0.41916 4.2049 18.616
-3.9824 -3.4501 1.3146 2.4717 -3.713 3.7527
-4.3032 -7.6048 -4.6594 -8.2175 -0.57664 52.054
-9.2623 7.8105 7.5726 5.1054 6.4327 336.57
2.1913 1.8718 5.9485 -7.4457 -0.8147 125.22
0.05358 3.582 3.169 6.5214 -2.844 12.393
-8.9704 5.7834 7.0116 5.6406 -0.11575 244.61
-4.4271 -0.031156 7.3459 4.1749 6.565 293.06
8.1653 -8.2616 4.1673 -9.2768 -3.2958 36.719
-5.2088 0.74213 6.7403 -3.9374 -6.5248 205.29
-7.1021 1.7368 3.9494 -4.7377 4.2403 24.592
-0.21094 4.9088 3.6028 -2.7973 6.5196 18.908
9.713 -1.3668 2.3722 -8.2471 -7.9873 1.2174
-5.1589 -7.4484 5.0543 8.7392 -5.2025 71.07
3.4427 -4.3245 -6.8279 1.076 -7.1606 215.75
5.2324 -2.7384 7.6174 -3.8895 -3.0412 335.69
-5.2472 2.9183 7.4369 -2.0604 -0.99298 309.71
4.5643 1.4156 -9.4151 -1.0559 4.9765 786.15
-2.6443 -2.8781 6.5163 2.0119 3.023 181.14
2.6461 9.7303 -7.4226 0.31359 2.4186 313.5
2.6706 2.1155 -3.2976 8.3878 -2.9525 13.292
0.71549 -5.2555 4.8702 -0.06073 6.829 60.899
-8.1942 -7.9644 -6.7848 9.8432 -0.57426 217.06
6.706 -6.9428 6.3593 7.0285 9.5821 171.56
-3.5844 -5.0808 6.6427 -5.8298 2.6828 198.11
-6.2696 -6.7864 0.14935 8.6119 -7.4747 5.451
-9.1845 -6.2687 -9.8723 -7.6727 3.5236 953.6
1.8179 -4.2981 -4.2592 6.349 -3.4979 36.032
3.5513 -6.5325 2.3385 -2.3875 3.7265 7.6666
-9.6682 7.9353 9.6237 7.5595 -8.6072 864.8
0.24186 -8.3953 2.6363 7.3611 -6.5024 11.85
-5.4701 0.49023 -4.8039 6.1185 7.1147 54.758
2.9035 -1.7921 2.6801 5.8006 -5.4564 5.8529
-6.5127 9.6476 0.79971 -3.9064 6.7408 10.953
3.8188 -7.7592 5.5969 -8.3816 -4.4145 101
-2.2653 -2.0429 -7.8604 -1.9404 2.8576 380.02
8.7346 9.3894 5.2206 -6.5295 3.883 83.632
-7.2496 7.3101 0.82533 3.899 0.2531 5.0335
-3.1787 6.3414 9.2598 -3.078 -3.8938 738.75
-7.7305 -4.8419 -3.1626 9.5122 -5.7471 11.976
8.4939 -6.5822 2.6524 2.8194 -9.3362 9.2096
7.5468 3.3729 8.6406 6.4496 -3.9211 561.23
-4.8412 8.5875 -7.9498 -7.3495 3.0633 405.75
3.1997 1.1353 8.7446 7.2403 8.7661 585.57
6.3444 1.4323 3.7577 8.4551 7.4241 21.69
1.104 -4.4004 -8.6433 -0.25876 5.3213 559.79
0.59301 5.3899 -3.9807 2.1251 5.7689 29.188
-5.163 -6.2591 4.1634 5.2962 3.2997 37.387
-8.1379 -3.5264 -8.653 -6.5032 -4.7943 559.79
7.9443 -1.4913 1.6434 0.051322 8.1439 2.998
8.0084 0.15221 -3.0823 -2.0267 3.4146 8.8956
2.662 -5.1518 2.4183 -7.0725 1.2088 5.3329
-3.2194 -7.7033 -9.0852 -2.6493 -7.7802 685.88
-3.0158 2.2124 7.4307 -8.6366 -1.0589 303.96
4.5191 -4.2274 9.4698 -9.4838 -0.79283 805.25
7.9422 1.6248 9.3776 -7.2967 7.2913 775.14
7.7417 -6.9127 4.993 9.2623 0.93296 67.833
5.5975 -0.3772 -7.3983 0.99059 -2.392 299.07
2.8406 0.65179 5.1653 9.3164 9.536 73.904
-8.3172 -8.9635 -9.5083 -1.35 -7.7856 824.71
-6.7674 -3.2679 -9.5575 -3.7637 -1.549 836.07
7.9711 -7.3117 -3.5278 0.12284 -9.1595 19.909
2.1286 -8.7325 -0.22714 -1.2098 4.7981 8.0223
-9.8161 9.7992 5.4081 -7.8867 8.3615 94.319
-7.9706 -3.5529 3.6659 2.8165 -4.3993 17.937
3.27 6.1975 -1.0819 -5.6792 7.1668 4.4649
-9.8988 -4.9072 -4.5275 2.3918 -4.1556 45.692
-6.7838 3.6301 9.9425 3.004 8.2154 979.08
0.97468 5.2046 -1.4764 -6.9595 5.0792 3.5035
3.8379 1.9128 -0.97226 -8.773 6.0981 -0.30189
3.0392 -0.56848 -6.7275 5.6152 -9.6399 203.74
-5.5146 -1.7632 5.8962 -0.80399 9.2562 124.8
4.2436 -3.0226 3.8736 -8.8367 4.5334 20.499
-5.255 8.5906 -5.5846 9.8973 -3.905 106.29
-3.492 6.6124 -8.3524 -8.8444 6.5879 493.19
4.9298 9.3005 3.61 3.9007 -4.3696 24.617
2.9927 -7.5141 3.0902 9.6736 7.4551 16.437
6.9845 4.6173 -4.5348 -5.2164 -7.7484 43.413
3.1523 8.7668 9.0173 -7.155 4.0737 668.34
1.3662 -6.3753 -6.9788 -7.5723 0.81397 242.95
-8.1265 -8.6701 -1.3533 -3.9345 -8.0693 3.4771
-2.6457 4.8224 8.8723 -7.9791 -5.1621 621.72
-4.696 1.4895 -1.6055 3.8432 -9.7519 -0.12877
-5.1202 6.8366 2.7705 -8.7542 -0.62464 10.279
9.4602 -7.2046 -2.0481 0.18844 -3.9747 6.1069
-2.138 5.9053 -4.5157 9.9339 1.9671 46.004
7.8409 -5.9675 9.6796 6.2794 -4.0552 881.04
2.6228 -6.7269 -1.8133 2.3044 -4.0016 6.3946
5.8962 -6.7147 7.882 -3.8749 4.8639 392.21
0.052742 6.2915 -5.4009 2.4779 -9.0371 87.08
1.5381 3.3039 -5.7379 0.54083 8.0579 111.54
-0.14965 0.46131 -9.3773 -1.4783 7.0453 773.01
-6.0951 -2.8234 3.0333 -7.3858 3.3561 9.4731
4.449 7.544 -2.6295 7.7321 1.8644 10.485
-4.3846 -2.1511 7.2872 -1.0043 7.846 283.44
-9.5137 6.332 -0.5358 -6.1075 -6.2934 3.3542
2.9094 -1.2173 9.3639 -2.6448 -8.4206 769.89
-6.4578 -2.4611 -6.2895 -1.7174 -5.2098 156.03
8.8092 -0.7464 7.3725 6.5508 5.8916 298.02
9.0786 -3.9724 5.5319 4.6723 -9.3066 93.811
8.2973 4.9522 5.4184 5.3861 1.6561 89.301
-2.5968 0.054408 6.8957 -9.7794 9.9088 226.07
-9.6909 -5.3557 5.2205 -1.6769 7.1139 79.434
8.5664 7.9915 2.5244 -0.37312 0.42891 11.565
-1.4363 -2.3222 -7.3751 -9.6162 -8.7272 293.25
9.3331 0.87106 -9.3495 -4.8037 6.6275 764.45
9.2724 8.1294 8.417 5.2058 1.9796 508.13
7.0602 2.4848 2.333 -7.2578 -7.7013 3.3897
-4.111 -7.662 5.9307 0.7062 -8.1229 130.56
-2.298 8.7966 -0.36955 -5.696 8.1925 6.7905
7.0227 2.5542 -7.6538 -9.7576 3.384 343.39
-3.6616 -3.3019 -7.4963 -5.176 6.5857 317.77
-6.6101 -7.2146 3.7113 9.5175 7.5796 25.129
1.136 5.8805 -1.3939 6.0307 1.4354 5.423
8.7231 2.4015 -5.9895 9.1915 0.34893 132.97
3.9206 0.66922 -0.16811 -0.24292 -1.3915 -1.0682
1.4012 7.8779 -8.7158 -7.8053 -3.6611 582.76
-8.0565 5.7719 1.6394 0.95919 -1.3081 2.3919
2.3001 -6.9665 -4.6201 -0.91245 5.4776 52.363
9.8011 -3.7656 5.9512 6.8871 2.0385 127.2
-7.1983 -5.0302 -3.7928 -8.0383 7.8505 21.762
0.36659 4.8789 -0.8956 -0.23518 -1.1324 3.9877
7.5475 -9.3294 -9.7676 -6.999 2.1418 920.82
4.8154 1.3978 -8.5511 -3.5065 2.6262 533.18
3.9403 5.2492 -2.1501 4.7471 1.8339 2.9677
4.0497 7.5353 -0.40122 -0.47964 4.0527 6.2572
-2.8102 -3.1584 2.0004 -2.4822 -5.2513 0.81547
-4.1282 6.4251 -4.1667 -2.1105 0.24728 35.71
6.1872 -7.7874 3.8996 -0.81106 -7.9155 26.252
6.2023 6.929 7.2024 5.7003 -2.3098 275.06
7.3414 -7.4502 5.597 7.8417 -0.24666 104.11
8.2648 -2.0543 -9.2076 9.1067 3.0445 722.06
0.22685 5.9459 -0.38986 5.7381 9.0106 5.2517
0.030326 -7.0017 -7.9014 -3.6919 2.013 393.59
5.9659 -5.415 -5.1591 3.7627 4.8719 73.919
2.9993 4.4451 9.7333 -1.2479 0.12532 900.19
4.0393 4.4007 -7.1501 -4.9066 2.6821 262.4
5.9159 2.823 -0.022237 6.8174 -8.5814 0.8458
7.8001 3.879 2.3631 -9.2315 -4.9122 6.1837
-3.2401 0.85449 4.0493 8.0352 -2.7629 26.02
-2.4883 -4.964 1.193 -0.77045 -0.55013 3.5441
-8.1204 -3.0861 -9.8046 2.744 -9.087 923.55
1.5656 -6.368 -3.4708 3.1871 -7.1995 18.266
-9.2812 8.169 0.35423 7.9024 -4.4637 5.5453
-0.68804 1.6678 -8.2427 2.7334 9.4307 462.28
0.85289 -1.983 -2.9875 2.2787 -3.3731 9.924
-4.2692 -0.75988 -9.3359 -8.667 -0.35918 759.61
1.8167 8.9457 -8.4284 0.36816 -6.078 514.56
-9.39 -6.933 -2.0615 -6.9966 2.2156 4.6487
-9.253 1.7246 -7.3457 4.7487 -4.3863 291.31
6.452 0.11777 1.3508 0.24444 -5.8601 -1.3116
-2.7962 2.2291 3.7893 3.6046 0.33145 21.533
-7.4588 -9.6378 6.0117 -9.1665 -9.8899 137.96
0.44487 7.4425 -5.997 -8.3042 -9.8467 133.07
5.3999 8.6424 -6.6503 4.3265 -5.6186 199.57
-5.6836 1.3027 -7.9086 -8.5583 -9.2656 390.36
2.4578 3.933 2.7286 -8.5749 -7.8395 6.5171
-8.2931 8.45 4.1295 -9.7578 -3.2228 34.421
-8.9664 4.1448 -9.3683 9.13 6.0517 774.29
0.62709 -6.9492 8.7242 4.7502 1.441 584.27
0.8127 1.5258 -8.9606 -2.935 0.25335 646.05
2.7486 2.1343 0.82593 -4.0693 -4.1302 1.2576
4.5218 -1.5174 4.1812 -3.0059 8.6351 28.597
9.517 4.7289 7.4194 5.4931 -2.0597 305.83
0.32601 8.6873 4.2817 3.2274 -8.2581 40.471
-3.5409 8.5114 6.0346 -6.2961 2.3413 139.77
5.9037 -0.98321 -3.211 -6.5178 -7.7232 9.2805
-4.5834 -7.7352 6.2965 -8.0321 -3.0955 162.56
-1.2206 9.6968 -8.3977 3.2061 0.14824 505.45
-8.4309 6.778 7.8963 5.2875 7.4845 393.85
-9.493 -7.5067 0.95185 -4.6991 -0.12907 4.2153
9.253 8.4168 6.346 -9.5811 4.0452 167.79
6.7196 7.3979 -0.95363 -8.3566 9.8563 6.8077
3.9195 0.37676 2.8716 9.3572 -7.3702 5.1617
-1.8209 1.8255 0.52805 -4.0911 -4.5054 -0.82119
-6.5341 -2.0199 4.6318 5.3845 -2.1085 46.975
-6.8713 -8.9048 -8.3674 2.4933 -1.5634 495.93
-4.9951 -3.2961 -8.793 -2.3612 -1.7796 598.73
0.98453 6.0571 -5.0579 -5.8863 8.1522 71.37
4.2919 -9.9074 -6.8091 -7.5723 4.2807 222.55
3.2039 -3.33 7.4357 2.3003 2.1581 306.72
-4.4013 -2.0366 -5.6157 5.4927 -3.8125 101.45
9.0973 0.74791 9.5173 2.8781 6.4758 822.55
4.7579 8.3971 -3.2621 0.60604 9.1012 18.095
1.0871 -3.0731 -6.3576 -9.161 6.424 164.33
2.2344 -3.0609 5.794 9.3698 -9.9687 115.78
-1.608 4.75 3.1742 5.9743 2.728 14.017
-5.0454 -0.95564 -0.036086 -4.1436 -8.9773 0.70317
-2.8805 -5.5079 1.1073 9.5994 -4.8479 3.4864
5.1569 -0.95121 4.384 2.0376 -8.8095 34.642
-9.7121 -7.1829 -5.4309 1.6485 2.0759 91.979
-7.6785 -6.4723 9.9267 4.9615 3.7318 975.59
-9.0799 -0.032645 9.4959 6.2354 -7.7102 813.02
-9.1854 -1.6215 3.0065 3.1296 -2.3232 9.6787
7.1092 8.2969 -6.0092 -7.4381 -0.87527 137.83
4.0732 -2.7521 3.6046 -3.2346 -2.6189 14.748
-0.51652 1.6118 -8.556 8.5617 -7.5795 536.82
-8.0433 2.6453 -9.3869 -5.5077 -1.621 774.43
-0.16768 -9.7381 -4.8463 -2.5567 5.0236 64.343
-0.53056 3.2707 -0.74754 -1.3585 -8.5798 -0.14864
-6.536 -6.4393 7.3655 -1.2119 -8.3964 299.24
-1.323 9.2214 4.5434 2.2588 -2.9046 53.19
-2.0299 -7.0267 4.8541 8.8615 8.8345 61.937
2.317 -1.7075 -1.4901 -5.1861 3.3715 1.1542
2.7019 -8.293 -3.0813 -7.57 3.5734 16.452
-9.0939 9.9375 -2.5792 -6.0506 -2.7616 13.982
-2.5077 0.0439 9.753 7.7385 1.8732 904.85
2.5172 1.9077 -9.1978 2.9162 -9.7974 717.77
0.062725 -8.6585 7.3406 -4.2819 2.7219 297.99
7.1298 4.9992 1.5735 6.3189 8.2657 5.8175
3.1739 -5.8019 -1.2277 7.2274 2.2515 5.1749
-6.7413 7.9611 4.5052 6.9303 7.474 48.952
-8.5886 -5.8972 -0.26662 8.3785 4.4795 4.8609
2.8484 -6.1862 7.4685 -4.9552 -7.5888 313.36
-9.4698 -9.269 8.014 5.1008 8.0491 421.88
1.7155 -0.55866 -1.5656 -0.78921 -8.6711 -0.42467
8.8046 1.2968 -4.4634 6.84 0.67935 41.631
1.5095 -8.6858 1.847 4.5698 -7.1573 10.226
-2.2366 5.5106 8.2473 5.5289 -9.7659 464.92
2.8658 -0.93422 -5.7868 3.1232 -1.5593 114.33
-0.83494 0.48781 2.4593 -6.4514 -4.0992 1.8801
0.91234 -1.1847 2.6312 0.90054 -0.27999 6.4552
8.8293 -1.9847 4.6623 9.6934 1.544 48.235
-2.2779 1.1928 -7.3686 8.7478 -9.1252 293.77
9.2238 -6.8952 4.3165 -9.1365 -7.5399 38.698
8.107 -6.3614 8.1807 -6.7037 1.1728 453.18
-6.0842 7.2357 -6.4063 -7.3654 -3.1367 172.53
-8.6128 8.9223 -5.2491 4.5196 4.5835 83.993
-7.9844 -2.5338 9.4279 6.3557 3.0458 789.13
-9.6356 -4.5851 -6.3805 -5.7298 6.9121 167.81
-8.1111 2.88 7.0877 0.11705 3.8499 253.51
3.6601 -1.8253 -0.15444 6.8141 -1.4014 0.95409
-8.5762 -9.4923 -5.0554 4.656 3.4593 74.887
-3.6205 -6.8769 7.415 0.84474 -4.4924 307.18
6.8975 4.3194 -1.0939 1.807 -3.8737 2.3857
-9.5346 3.1785 0.29635 0.16721 5.7797 1.055
6.2894 -9.4581 -2.8153 -4.049 -1.0716 15.421
-4.3629 -5.5606 1.859 1.3004 5.9676 6.3737
-7.6367 -5.3785 -6.7295 3.7777 6.4484 208.52
3.9347 3.4379 -2.1784 7.4665 7.1512 3.6568
2.5789 -9.6058 9.3882 2.7258 8.3327 785.56
7.5494 -7.9178 -4.8373 5.2224 -1.3803 63.459
4.7014 5.9983 3.1347 -6.7986 -3.6227 10.733
6.0696 -6.4291 -3.4962 -0.76885 1.644 18.087
-4.3593 3.0549 5.4695 -9.8134 -2.5766 90.817
-6.4512 -5.2363 -7.3825 -5.0664 2.0215 298.92
5.0123 -8.0112 9.3964 4.5292 4.1117 786.95
6.1367 -5.1366 -0.92421 9.8362 3.7681 4.5428
9.8101 4.4453 -5.279 -8.0164 -2.5089 78.892
-1.7476 7.1139 -8.5301 -1.9701 -6.6628 531.28
-2.5596 6.6044 -6.6048 6.0014 -1.3894 195.79
5.5283 -2.0563 0.39548 -5.9193 -7.1481 -1.3054
-3.1839 3.3617 -3.2599 1.1017 7.8019 12.987
8.6151 -5.9003 6.5777 4.6614 -3.0825 191.7
7.1683 -4.137 -1.3822 2.3197 -6.9108 0.61517
-1.4201 7.9267 -5.0257 -6.2395 -9.491 67.926
5.0174 -9.74 2.3429 -2.8923 2.9164 10.519
5.0909 -8.2898 4.1355 5.6758 2.738 34.682
-7.9375 -5.8423 -6.6592 1.0845 -3.1879 197.33
8.0511 -9.4694 -6.6476 -9.8954 -8.5658 204.5
0.10505 -6.3713 -9.2666 5.2198 -1.8074 741.23
6.5291 1.6608 4.728 -9.2938 -3.7757 50.718
-3.599 -1.5715 3.2761 4.9147 3.5424 12.518
7.9105 7.8534 -0.50738 -5.9504 2.1156 5.0818
-2.216 6.3489 6.8834 9.1615 -2.7081 227.26
-9.7832 -3.1637 6.1134 -2.6412 -5.6421 141.44
8.1076 -4.8115 1.7071 -3.4614 9.7607 4.6063
-8.1743 -2.4062 7.3654 -7.0222 -0.91997 292.59
-3.6137 1.8059 -5.8832 -3.8879 3.7655 120.73
9.0012 -4.6387 -7.7616 7.533 -7.1889 366.02
9.0121 2.483 -4.605 9.9267 -0.28821 48.069
1.4688 -1.8118 -8.8583 -2.6338 -9.4493 617.3
2.6367 1.0409 0.62339 -1.0278 0.1091 0.1555
-1.0311 -1.2775 8.7321 4.4414 9.2803 580.75
-4.1358 -4.1107 -9.2131 7.7239 -2.3159 723.15
-3.4267 8.9691 -7.5578 1.8609 -9.2201 334.12
3.4504 5.2721 -0.95602 -2.1695 -9.3809 0.44037
5.0475 -7.1977 8.6775 -1.7476 -2.2403 569.87
5.8316 7.3694 -3.6769 3.9124 -6.7995 23.327
5.7924 -0.25138 0.1447 -9.9356 -9.533 -2.4605
-8.1759 7.891 -9.1685 2.3918 5.1243 712.71
-0.11159 5.9971 -7.0331 -2.8901 -0.82954 247.03
-8.8488 -1.4957 9.7326 5.8839 -4.2151 896.87
0.99058 -9.5506 9.3024 -8.1402 8.0017 757.84
-1.1694 -4.6265 -9.9012 1.764 -7.6772 962.58
7.7541 0.83268 9.0362 -0.38054 9.1184 669.7
-2.9817 2.6696 2.7824 2.8465 -3.7207 4.6133
-7.6587 -4.8422 7.3584 -8.7029 7.7681 293.51
-7.1402 -7.2129 -0.9052 1.5997 2.0589 3.3832
5.2302 6.6986 0.31192 1.2297 6.5341 3.7455
2.3644 9.688 -0.22307 1.2132 9.6803 11.093
-7.9775 0.5138 3.3373 2.0698 -4.2319 9.7725
-8.3179 -6.5664 -7.207 3.5294 9.2227 273.55
4.0194 -4.5539 -9.4005 6.0998 -2.2104 781.61
-8.5447 -9.6322 -3.8414 -4.6036 -2.2898 29.8
6.4372 8.286 4.0936 6.501 -3.1923 35.501
4.1248 -7.645 -5.9629 -0.034886 0.82815 130.8
-8.373 1.5303 3.4686 -8.4588 -6.9171 12.481
-8.3032 -4.5189 9.3982 -8.829 1.0742 779.98
9.7328 1.0836 -8.122 -3.3152 0.8341 434.45
-2.5146 3.0284 3.452 5.6979 5.238 17.298
-2.5872 6.5948 -1.125 4.1536 6.673 6.406
6.256 -5.8716 7.3628 5.7723 -1.1912 296.47
8.945 -9.7801 -6.457 0.34538 -3.9533 184.33
9.72 -7.2623 3.8525 -1.196 -4.8133 27.222
5.0676 8.0004 6.7623 -7.0509 -6.1075 212.11
-2.4748 7.4778 8.8923 -3.4361 -8.847 629.81
-8.33 1.9483 3.665 -1.3196 -3.151 18.623
5.5429 2.0103 -0.056505 -8.228 -4.595 -2.6752
1.1681 3.3007 2.3569 -5.5878 9.3283 4.5521
-1.5156 -6.4926 7.3781 1.9645 1.1542 300.88
8.1271 8.2882 1.4122 4.7133 -3.0545 8.6675
-7.7761 -1.6246 -9.3923 9.967 1.6094 779.16
-0.1475 -2.3372 8.619 8.6623 -7.2161 552.74
-9.7729 0.37835 3.7905 2.8513 -1.1191 21.564
-0.62679 -9.0607 3.5303 -1.575 2.5247 21.924
-8.8739 -6.6743 -5.6865 2.7235 -0.22204 109.79
-7.6236 4.7607 3.1777 5.713 -1.9644 13.034
-7.6495 -8.344 -2.1227 -7.6333 9.877 8.0084
2.9842 2.063 3.0247 -1.8019 7.6063 9.4889
4.9209 -5.093 -7.8681 6.796 2.4681 384.27
1.6674 -2.2141 3.1569 -2.3233 1.3875 11.838
9.2435 -4.2261 9.9883 1.4374 2.4132 998.24
-2.5026 -2.8865 -9.0358 1.7554 -5.9738 666.34
-4.2858 4.3809 9.5435 -6.3105 -2.0972 832.63
7.372 -4.0576 -1.8618 -2.7553 -9.2108 2.2034
-5.5281 1.3281 7.4151 -3.3098 -0.48908 303.36
9.2645 -0.47899 5.6477 -9.4761 0.86049 100.04
-9.7569 3.2734 1.3403 -9.5162 -5.445 0.20065
9.3976 8.7366 4.769 6.6339 9.2806 60.802
-9.1368 4.6514 7.5703 -4.5386 8.1891 330.91
7.8229 -5.7012 -1.9172 0.36158 4.4429 5.7118
0.55402 -9.3763 -3.4593 -4.0255 0.66773 23.171
9.8593 -4.7547 3.3519 8.8136 7.3994 16.91
-8.5241 1.9016 6.1569 -4.8141 -7.387 141.62
1.0771 -8.9715 5.2457 -1.4069 5.8102 83.484
9.3861 -0.072675 5.9563 7.4546 -7.5036 127.65
0.46196 1.9369 -1.2883 6.8387 5.8842 3.7501
2.588 -3.3151 6.3567 -6.278 -4.4846 162.53
3.915 5.4182 -7.5958 6.0529 7.5418 337.17
-0.90918 -7.868 0.88978 -0.83626 8.8808 5.7658
2.5512 -8.4972 -9.8848 -0.34062 -7.0241 962.02
1.6863 4.5638 -3.5083 -7.3304 -0.74649 17.711
8.0232 -0.090174 -2.6708 -8.388 9.6197 5.9633
-9.0911 3.768 -2.0765 4.5588 -0.33185 2.5906
-4.3807 -1.3035 3.9093 -0.070777 7.271 24.502
9.0082 -5.072 -2.2288 -1.263 1.7746 4.5799
7.8053 6.382 -1.0261 4.5902 -2.4934 4.5606
-0.88686 5.9883 -5.2491 5.3103 -4.2843 78.764
2.4027 3.8939 -2.535 -6.8218 -5.9355 4.3277
-4.4524 -4.5571 -5.4546 2.2045 5.236 92.992
-6.2376 1.8046 -8.5361 -7.2929 -2.2692 531.83
-0.72603 -2.7805 2.069 5.0275 0.22551 1.8869
-2.933 -8.1684 3.3643 3.1391 -0.15349 19.813
1.6731 8.3463 2.3898 9.1323 1.5456 12.79
-8.4453 -7.2636 -0.73012 -8.6208 7.3115 4.8153
9.4879 9.0047 -2.4043 -8.8589 9.6148 11.539
9.7242 -1.0799 7.2667 -4.3563 -1.8483 278.78
