-5.9944 -8.1245 1.8692 10.463
2.3357 -0.27739 -9.6751 91.711
4.8576 8.4148 4.5756 25.781
4.7583 -9.1988 -3.5294 11.981
0.42898 -4.1708 3.3011 11.123
-8.6308 -5.8492 1.1316 -2.0102
-2.5777 -5.2371 -3.1454 8.6919
8.4153 8.1687 -7.3085 62.288
1.689 -0.63862 -8.1116 63.649
0.76664 -0.67401 6.6304 44.303
-4.6229 5.2115 8.368 74.017
-2.631 -6.9102 2.9958 10.591
7.9069 -0.25469 -7.9313 60.987
3.3293 -1.4003 -1.9595 0.40824
5.7477 1.9382 4.5788 27.521
-0.91309 9.9912 5.5964 31.726
2.6049 5.389 -7.6356 55.152
-5.0323 -2.0427 -9.9994 104.08
4.1092 6.5511 4.2427 19.267
-1.448 -6.5858 -2.8681 9.8866
-1.1491 -9.3907 -4.9104 24.754
2.9864 -5.911 -9.7421 95.143
8.7256 -3.1918 0.80599 3.5724
-8.7199 0.21162 7.023 47.756
6.4949 2.3026 9.1526 89.878
-4.1523 8.2121 1.3149 -2.3116
-1.1216 0.19708 0.28923 0.39739
-9.5617 0.025513 -8.2989 69.467
-3.9791 -8.9951 0.97746 3.8311
0.052625 -9.3018 -2.4004 6.8129
-8.8765 1.0232 2.1427 -2.1152
-0.17809 -1.2364 -2.2255 4.8059
8.5422 6.7836 -5.194 30.505
-7.8921 -6.7864 -8.1007 69.76
5.2888 -9.5006 -3.7016 15.036
-1.8066 -1.0192 -8.0671 66.394
3.1035 -5.2504 -6.4621 45.488
-4.7953 -9.0077 9.7467 98.394
-6.8102 4.492 -1.1179 6.9788
-6.7907 -7.7681 0.63744 6.3351
-8.5902 2.1664 7.4724 48.585
-6.2871 -4.379 9.9114 92.602
3.2844 -6.5301 1.6543 1.4094
7.6338 -2.405 6.2495 35.28
6.2825 6.0289 -3.4612 10.824
3.7027 -2.1581 -3.8851 12.051
-7.7914 5.0154 -1.9459 9.7871
-4.2163 -7.4903 3.4501 14.528
-3.8039 5.4554 3.6438 16.36
-5.0009 -5.2613 -3.6952 7.2559
0.30011 3.5479 -7.3358 54.708
0.71108 1.3156 2.6479 7.5414
-2.8623 8.5829 -7.4335 56.365
-2.9242 -2.2535 1.5699 7.0411
6.5711 -8.6767 3.8684 10.314
5.7859 -9.6169 4.0122 17.096
-3.8441 6.5372 5.0694 25.729
8.2758 0.49471 7.4572 61.242
9.0563 5.5049 -0.00082016 -7.9962
-3.4651 -5.3115 4.605 16.558
-2.9115 -3.0983 2.3835 5.1848
0.11268 -9.3979 -6.2672 39.858
8.8224 9.2298 -9.4862 92.194
7.5264 3.3574 -4.3092 18.027
-7.9486 8.6641 -1.1393 -5.3815
-2.1454 -4.6901 2.3421 1.0245
1.0674 2.2293 6.9992 50.691
0.062649 3.57 -6.0751 36.052
-6.1227 -3.649 -7.489 51.092
7.1763 6.9622 9.2696 90.577
3.5388 8.9432 -7.8391 63.884
6.7582 7.6971 -0.43018 6.7382
7.1753 4.7813 1.7113 -4.6876
4.9671 -4.4507 0.82749 5.3234
-1.2158 -4.3677 -8.2794 67.033
2.2109 9.2672 -8.8595 77.489
-6.7927 -9.7943 -7.8903 59.089
3.4729 4.321 1.7118 0.24109
-6.4149 4.1249 0.8869 6.4477
3.879 2.4538 -5.3252 30.988
-5.408 9.8022 2.7555 8.5904
-7.649 -3.7624 6.4014 36.346
-6.6943 -3.2006 -9.1684 81.488
-9.9602 -8.4212 -0.037401 8.5802
4.3748 -1.144 3.7862 11.782
4.648 -4.779 -4.9538 27.703
0.29867 -3.1323 -3.8446 14.192
-6.7727 6.6914 2.2728 2.8057
-8.3289 8.7097 7.9587 59.133
-9.6174 -6.2853 6.1985 37.994
-6.685 -2.5498 1.6626 5.8011
7.8171 8.5726 4.6044 25.116
-5.1693 -8.7638 -2.7036 10.586
-2.9146 -8.1528 2.8193 12.776
-7.8931 -6.7442 -0.67637 4.246
-5.5528 1.9043 -6.2013 33.187
0.38449 -6.9906 4.0348 16.352
2.1551 9.3615 1.1293 1.4004
-5.093 -1.0657 -2.8276 11.639
-8.8454 0.030359 8.2268 68.235
-2.1793 -5.0668 -9.5813 89.984
-5.3159 -0.58079 -3.6845 16.51
-5.6089 3.2383 -8.8624 78.108
9.1973 5.0235 5.3305 20.963
2.326 5.0774 4.0421 14.831
1.1376 1.5578 -3.373 11.961
-1.6845 8.0872 3.5133 11.706
-1.4211 6.3482 -2.0813 3.7418
0.8181 5.141 5.1251 24.74
3.9286 -8.8879 -0.91633 -1.9294
4.0429 -9.8624 -1.7544 3.0204
-6.5661 -5.7511 8.6946 72.736
0.002255 3.2705 -4.9824 22.993
-1.7608 -1.7761 -7.5911 58.12
7.4105 -1.9519 1.6909 -6.0955
2.6284 7.6917 9.3864 90.613
0.65008 7.9113 -2.4432 6.468
-7.6921 8.1835 -8.7593 69.12
2.1128 -3.7224 -3.2139 10.446
-7.6559 3.8211 0.11863 3.653
-3.2559 -4.5673 -6.7615 42.961
-7.1432 -6.1878 3.162 8.7677
3.8415 -6.3074 9.955 99.325
-5.875 -3.1578 -0.96521 -0.04911
-2.1628 -1.4008 -2.9054 10.754
7.9135 6.619 -1.9859 7.8548
-5.9137 -7.6022 -7.6971 65.558
0.1561 4.6985 7.6655 58.191
-1.6146 0.6291 -1.7035 2.209
-9.6375 -4.2411 -2.2545 -3.7447
5.8552 -0.14361 3.1938 9.3703
-8.6191 -4.0012 -1.1593 -5.511
-0.5149 1.9216 2.9647 8.1414
1.2136 -1.3231 -8.7711 75.967
2.5685 -6.7119 6.2745 37.308
3.7726 -7.6683 8.8101 72.894
-4.9346 0.93391 2.9753 3.4968
-9.8004 8.0483 9.0913 71.436
4.4689 -3.1208 -6.9714 47.29
0.71313 4.66 -0.45168 -0.34868
6.7224 3.1732 2.0361 3.0404
6.4278 8.6311 1.6347 7.7686
6.8665 6.4196 -1.9708 4.8526
-0.29811 1.3321 -3.2383 8.2285
-3.3274 3.1406 -7.4635 56.356
5.8312 7.9677 -2.1652 11.292
-0.97412 -2.0096 -6.7468 45.407
-6.3312 -3.4641 4.6873 20.384
7.0995 -9.7838 -5.8234 35.55
7.6512 6.531 -8.8287 79.92
-0.6738 6.0196 1.0473 0.0079331
-8.486 -7.9109 1.9046 10.307
-2.2435 1.5371 7.4383 52.703
6.0708 -0.72037 1.5396 -1.7579
8.0355 -7.6258 -3.0904 1.3256
-5.9305 9.6114 6.0602 36.643
-8.6605 -5.7061 0.80558 -4.4761
7.547 -8.6553 -8.4144 65.821
-2.2119 1.8969 1.317 -0.40567
0.83522 4.7773 8.1604 65.941
9.3613 -9.3511 -2.0737 2.9415
-8.6687 3.1744 -4.0735 18.049
2.9664 0.64584 -7.1306 51.455
-8.5179 -7.9347 -6.9711 57.574
-2.4906 -6.5495 -1.3446 3.6453
6.0763 1.3595 1.9136 10.084
-1.3306 -4.0728 -8.3877 69.083
9.9436 8.7663 8.7914 82.844
1.1812 6.3748 5.1027 27.181
-3.5768 9.6713 1.7325 2.4515
-5.5978 -4.8066 6.5688 36.606
-2.9896 9.3945 -8.3963 70.009
-2.5493 -1.3753 -0.46322 3.953
-8.6257 -3.0496 2.6019 7.9416
-2.6085 -8.993 6.5731 43.329
-0.71523 -8.9447 5.6694 32.162
4.4548 3.8402 -4.4586 16.4
3.1346 -0.84142 8.8176 74.703
4.1753 -5.4696 -7.5131 60.46
-9.8327 2.2794 7.5027 47.453
-5.6467 -4.9428 9.4188 84.825
3.2337 1.5526 -6.4569 45.753
-0.32021 -2.8158 4.4413 20.919
-9.8937 6.471 -9.1943 82.224
6.0899 6.4139 -1.8915 4.2219
5.4562 -0.45299 0.32567 -3.715
0.96838 -2.9836 1.6129 1.9245
-8.6707 -2.7488 8.7187 79.829
5.3303 6.1143 3.445 12.268
1.6743 -3.4364 -0.37444 -0.48047
5.6392 -5.8188 6.1935 40.52
5.0349 -8.3062 9.0107 76.512
6.06 -0.66614 -9.5587 86.228
0.36016 -0.35736 9.6504 93.596
-7.1935 6.8182 -8.2774 64.123
3.4231 -5.5752 6.2877 41.566
2.4095 -2.3802 -4.3933 17.187
4.8451 6.1681 -7.3564 52.771
-6.6024 6.4725 -1.2029 0.1976
-6.1005 -2.3078 2.8791 12.591
7.8082 -0.81752 -2.381 -0.39857
4.9996 -3.9343 -8.9087 82.197
8.1646 8.6511 1.9892 9.9817
5.1743 -7.6271 8.0481 61.383
1.9431 8.675 -2.3357 6.9195
3.0827 3.6773 -5.6733 31.609
7.7826 0.63144 -1.1485 4.5228
1.5761 -9.3468 -9.0327 81.626
2.6478 -0.48808 6.4098 38.746
-6.8705 -1.845 6.5268 47.736
-0.52158 -6.7756 1.76 2.6048
4.3279 3.1282 -2.9379 9.8814
-4.5811 9.423 5.9957 36.89
-5.9549 1.2438 1.0937 -4.2001
-3.7235 4.2951 6.5186 44.364
-5.17 -8.631 2.6292 10.403
-5.7017 -1.6467 5.6881 38.342
-1.503 -7.6728 1.9713 5.5398
8.1568 2.2559 -1.7172 7.421
0.14119 8.7696 9.1589 83.081
-6.2416 3.2356 0.82228 1.1977
-8.4606 -8.4639 2.1018 11.889
3.9231 -2.9067 -5.5902 28.142
-2.344 1.0133 2.513 4.1641
6.4366 -1.9358 1.4322 -3.8184
3.1902 6.6729 -6.3032 41.792
5.9248 6.2934 -8.8083 78.339
-4.5611 2.2366 2.0872 1.352
3.8472 -2.5308 5.2738 24.807
-4.7188 -4.8933 0.46803 -6.3307
8.7814 -7.8825 -5.4645 20.69
2.7275 -2.902 3.3304 11.446
-3.5098 -1.7365 -8.3979 75.38
-4.6098 3.5165 -1.1633 3.7517
-6.1815 3.1632 -6.7327 45.892
3.8928 -8.5978 -6.3108 37.341
-5.6257 -2.0948 -5.9541 39.766
1.9061 -6.3644 -2.2659 4.8494
-4.7073 -6.8637 -8.977 84.837
3.2394 6.546 -2.0441 4.0776
6.2988 -9.1617 0.23415 0.031552
5.5605 -1.6163 -0.33411 -5.7651
5.217 -6.6359 -2.3443 5.0189
-6.2456 7.5866 6.7829 38.578
-8.2323 1.1408 -7.0935 43.42
3.979 -5.3724 0.11393 2.4196
-2.6331 0.048546 -8.7592 75.18
-1.3531 4.6297 -8.5769 75.13
-9.377 9.1624 1.4773 0.75939
-4.8085 -5.5911 1.3204 -2.1701
-9.3265 7.7236 7.5607 46.417
7.5837 8.6861 1.1575 6.3542
-5.1321 8.3284 9.1958 79.91
1.1467 2.7083 -9.0261 82.5
-9.2204 2.5964 -8.0398 60.807
3.3369 -1.9358 -9.1187 79.974
-3.5395 5.048 -6.2945 44.818
7.9584 0.62588 0.8254 5.5676
7.7624 3.5488 2.9114 5.0561
-3.4942 -1.4308 -9.0883 84.446
8.0192 4.6299 8.9194 71.301
9.9232 6.4894 6.8433 48.527
6.5083 -7.0713 -4.0678 12.892
6.8974 6.6586 -8.4562 74.5
-5.0198 0.80593 -6.6023 38.789
1.534 6.8933 -7.4611 56.719
-8.6549 -1.374 -7.5343 65.925
-8.1016 -2.4192 0.37123 7.0226
9.9779 8.3012 -5.0831 35.721
-3.4672 -4.9766 -2.8372 5.4637
4.9637 6.8842 9.7901 98.713
6.1333 -0.31959 3.6863 12.05
7.1605 0.28191 8.9796 83.875
9.9526 -3.8306 -7.1489 56.101
-5.1701 1.4608 -2.3572 0.068152
-9.193 -3.4958 1.0946 -2.7627
-1.7762 -9.2146 -8.4648 72.403
-7.3984 -4.56 -9.9163 92.25
-9.5515 -9.8724 3.4087 6.8879
-2.7915 9.5671 2.8364 6.0507
5.6748 9.3149 -1.7842 3.3933
1.3236 -2.0969 -0.20712 -0.18825
-3.7444 4.5674 -1.6911 7.1027
3.0868 -3.0839 -9.5199 90.879
-5.3596 3.4219 -3.2926 12.044
-9.7124 6.1086 -6.4584 42.118
5.2871 8.9351 -8.0315 67.507
2.4749 -1.9958 9.1344 80.348
5.2461 5.666 1.9872 3.0968
-9.2212 -4.6814 4.5731 12.267
6.7424 9.8066 -3.6927 10.543
2.3905 -9.4846 -2.1371 4.0986
1.2679 2.0706 -5.2615 28.703
2.4923 3.1901 -8.0607 64.614
7.2887 3.7609 -6.4194 38.094
1.7387 -7.5922 5.9503 33.913
1.619 8.7706 3.5509 12.863
9.8136 -6.3763 0.93858 1.8586
5.1346 2.4551 -0.4982 3.5521
-1.1541 -5.5465 8.4487 71.374
4.1479 -3.8557 -8.5453 75.131
-2.2154 0.92917 -4.388 17.843
-5.4225 -1.6561 -3.0012 14.721
1.937 -6.7955 5.6485 29.067
8.5636 -6.5813 9.8503 96.528
8.5828 -1.6371 -5.1866 19.627
-3.1619 5.1457 7.4861 58.515
0.55355 7.9593 6.6125 43.173
-5.7673 -8.3174 -5.5069 35.832
9.9126 -2.1379 -2.0133 -4.2205
9.6224 -7.9951 -1.8065 -5.9075
2.9902 -9.6682 9.5644 92.39
6.0883 3.2344 -6.3822 40.674
4.302 2.049 5.9832 41.065
1.8632 -6.7396 -3.3161 10.744
-8.933 -5.3237 4.6174 12.956
-0.90471 -9.5258 -1.5998 3.8306
3.4957 6.6989 1.5672 5.5086
3.5506 9.4938 6.6522 47.159
-2.5375 -7.2908 6.0833 38.029
8.8338 -5.3705 7.3285 60.938
-6.6529 7.3682 -8.8077 69.609
0.0071889 8.5293 3.841 15.312
3.8177 -1.6075 -7.2003 47.48
3.9427 -8.9876 -1.6836 3.0886
2.9728 -9.2122 0.97177 -0.45759
-4.4942 1.479 -1.9452 -2.3807
-6.8759 -2.1421 0.39223 5.4665
2.7188 -9.427 9.9305 96.646
1.986 1.665 -7.2957 55.955
-6.4129 -9.7739 3.5091 8.0549
4.1028 5.7474 -2.08 2.2604
-0.89656 -3.8713 -7.3398 51.197
3.3552 -9.1948 -6.8253 45.499
6.7473 1.767 8.9855 89
-6.6054 -2.0463 7.592 63.872
-9.6171 9.476 8.1408 65.902
5.5821 0.88397 9.8307 100.93
2.1939 -4.4952 -5.8337 36.192
3.9928 4.1888 -2.8912 5.3739
6.7631 -4.5702 3.3844 16.782
6.0562 8.0849 -0.32395 6.593
9.2184 -2.5056 -1.6322 -5.5161
0.7187 0.99737 -2.8438 8.0609
-0.23009 -8.9885 1.8756 3.1269
-1.9623 -1.4776 1.5119 4.8728
-6.9262 6.6473 -6.7708 43.401
1.4521 6.113 -0.5652 -1.3321
-4.4597 -5.5136 1.0694 -2.9445
8.4262 -5.4784 1.4057 8.2472
1.6638 6.3461 -5.7979 33.641
1.8568 8.608 4.8454 24.253
-2.9015 -8.0928 -9.496 92.513
-8.9602 -0.99883 -2.9034 16.66
-9.3651 -3.2509 5.6043 29.868
-1.5333 7.4138 1.2779 0.15772
-8.3087 -8.3295 -4.7768 32.374
2.1369 -5.7775 3.8991 14.814
7.6195 5.0494 1.3478 -7.2262
7.6583 -8.9741 5.9249 32.552
3.1809 -0.14929 4.7005 20.943
-5.7754 -1.1579 2.2022 9.8212
7.2599 -3.312 -0.23645 0.50575
7.7219 -2.1086 -7.3364 46.93
-6.0669 0.59881 -4.7733 20.964
4.7485 -6.7727 -1.618 1.1875
-4.2696 1.4399 1.986 0.57327
6.0528 6.1086 0.27416 -2.3922
9.9448 5.2032 -4.2363 8.0245
-9.3995 -6.922 -9.8707 100.2
7.9473 -7.015 -0.075216 -6.1143
2.4526 -4.6365 -4.2875 21.785
9.4677 -2.7785 4.6922 19.171
-0.69981 -1.8309 -9.5211 91.106
6.9478 3.5939 1.6966 -0.18074
-8.7521 -8.8664 8.8295 81.908
-3.2944 -9.3065 -6.5118 42.997
-8.6597 -2.1618 -0.56701 8.2783
9.5069 3.9433 -8.1716 58.328
6.3395 -6.1313 2.5136 7.5772
7.0509 2.8301 1.0106 4.1149
8.7593 -4.8034 -1.8527 11.74
-8.2979 7.7217 0.42754 -7.342
-2.288 7.9138 7.9315 63.439
-8.5793 -4.0543 -6.0741 30.003
-5.7841 -5.4001 -9.5487 87.102
-5.4127 -1.7739 7.2333 56.884
-0.61786 -5.1894 1.5423 2.0112
-4.6288 3.4477 7.8132 62.901
-7.9804 6.5213 1.9389 2.0719
-6.6502 3.4618 6.2032 39.554
-7.0545 6.487 -1.4065 0.75676
9.4615 -2.0602 4.9972 18.083
5.1859 -6.8737 8.2608 65.803
9.3552 4.759 1.4425 -6.3024
-1.2052 -2.7905 -6.3843 40.937
-4.4326 3.4254 -4.624 23.373
5.9659 -4.5871 -6.0271 42.524
-3.4749 -8.3754 -5.0629 27.695
-4.0123 9.8516 -3.8717 16.97
-5.3499 -6.876 1.1027 3.213
-7.4064 9.7684 1.7598 4.9595
-4.8707 9.5456 -1.47 2.9373
-2.8936 5.8764 2.3084 6.771
3.4799 3.1885 -8.3685 68.68
-8.7487 1.5561 -8.2442 60.274
-5.7899 7.322 -6.5634 38.661
6.1805 -4.2112 0.36155 4.8464
-7.0616 -0.64638 -5.7201 35.435
-3.1471 2.3878 -4.3343 16.487
7.2932 -1.7762 -1.9937 -3.6108
-6.9015 -1.4503 6.2373 45.869
-8.3453 -3.3943 -9.7228 92.082
-0.30924 1.2846 2.9876 6.6215
-3.9516 7.0115 3.3775 8.3892
1.2682 -5.9694 5.9731 35.764
6.0761 8.6887 8.6551 79.623
-7.257 3.7818 -9.5972 95.744
1.614 6.4655 -6.9243 49.918
0.11018 1.1238 7.7234 57.839
-7.1184 5.5903 -0.82963 6.5462
2.48 -9.676 1.2918 2.0609
-4.5272 6.3676 3.2605 11.109
-0.24331 -9.1972 3.5813 12.961
-8.3546 7.7983 8.6348 67.358
-0.80832 9.8393 9.939 98.722
-3.8707 -4.1187 4.4031 15.081
6.4476 -5.7936 -4.2556 22.562
-8.8604 5.3073 7.595 64.91
-1.6279 -4.9395 -9.0156 79.916
-0.83137 7.3112 -5.3784 29.45
4.5001 -7.9431 7.9477 57.652
1.4858 -7.4809 -4.8762 22.989
3.3442 9.583 -5.587 30.097
5.541 3.4768 -7.2375 50.426
7.2441 6.9377 7.1822 56.067
-3.7225 -3.5134 0.0011652 -2.8526
0.76045 3.5297 3.4979 11.168
6.8022 1.8848 -5.2187 35.055
9.789 2.063 5.1608 36.147
7.7904 3.6506 5.2001 23.182
-2.5707 1.5072 -3.748 11.725
-6.0967 -1.4188 -1.7863 8.9231
-0.21215 -4.4815 -5.8062 34.862
4.8328 5.3716 9.5312 86.824
-0.14862 -5.4746 2.9121 8.6044
-0.33638 3.8471 8.6909 76.895
6.7646 -5.3333 -3.9323 20.187
-2.7719 2.5066 5.6378 31.7
7.1959 4.9416 5.3172 19.734
-1.8639 -5.6257 3.8331 15.183
-3.4353 -8.8011 9.3128 88.361
-0.9202 -7.3805 -2.1289 5.1085
5.2489 2.1199 -7.3857 57.135
-7.48 6.9889 3.4342 6.4873
-6.0716 -9.1001 4.5862 21.93
9.0289 4.683 1.5012 -7.379
-6.4902 -3.1736 -5.8636 34.037
1.3545 -0.42943 0.089119 0.40176
1.5863 8.5772 -3.7562 15.506
-0.20751 -3.3606 -1.4507 2.367
2.8949 -0.69326 2.9044 5.4899
-5.4035 -9.7264 4.9043 21.566
1.0532 -8.368 -5.3555 29.563
-2.5565 -4.8282 -1.8935 0.31069
3.2333 -9.443 -4.6168 23.03
-7.1755 2.6275 -6.0274 32.558
1.4175 -1.472 5.6677 30.715
-6.2946 0.9629 8.1851 62.899
-4.4271 -6.5071 -2.5954 8.9906
-5.6258 -4.0814 5.0256 20.603
-6.3432 3.2765 7.9399 63.507
6.5142 9.3061 6.9225 48.636
-4.2858 -8.9917 -6.3437 42.38
8.5425 7.8077 9.1258 92.706
9.3985 1.5376 -2.4665 15.481
1.4252 1.2784 -3.2152 12.321
-7.14 0.0055707 -8.7514 78.185
-2.509 -8.6121 -0.27653 2.2796
5.9546 -8.2025 -7.8197 55.863
-2.6522 2.0182 -5.0292 21.383
-8.2597 -3.1808 -3.6611 10.449
1.1357 8.3454 6.1765 39.539
6.9024 -1.8682 7.5098 49.702
5.9185 -7.1344 -3.9507 10.642
-6.4975 4.2944 7.174 57.647
3.4553 -4.1329 7.1446 53.876
-5.5899 0.50941 5.293 26.418
-5.6358 3.9567 -7.0661 54.117
7.4814 8.0053 3.8065 21.138
-5.0066 5.8438 8.9005 82.338
-4.7351 3.5272 3.6508 14.892
-9.9869 3.5927 -3.3677 16.221
7.4134 8.9185 0.011586 3.1177
5.8519 -4.0835 2.9145 12.577
2.5466 -9.9778 0.21141 1.4664
5.0053 -4.5609 -7.6009 62.735
-6.959 -5.6422 -3.7587 10.446
-0.83353 3.2367 6.0479 36.388
-2.9756 2.6742 7.2284 49.072
