-5.4079 8.5234 7.9529 -0.75517
8.7224 -4.03 -4.2287 0.71435
3.6638 -3.2383 -4.6191 1.6388
9.2423 7.1896 1.8839 0.76668
-1.2405 -3.1904 -0.48242 0.26999
8.8067 -7.2376 -2.6338 -0.37525
-9.8833 0.15598 3.1122 -0.14176
2.2061 7.1331 8.764 1.5977
6.0215 -2.3137 2.4085 -1.468
-5.3404 3.9138 -4.3432 -0.4877
8.6494 2.5581 -5.8964 -1.9225
5.2653 -0.99224 -1.2173 1.3688
6.529 -0.52764 -9.455 -1.4792
1.4693 8.9941 7.5237 0.38582
5.8516 -8.33 2.2018 0.76544
-3.4192 -4.4034 -5.9282 -1.2888
-5.5308 -1.0599 0.39834 -0.35322
-3.7523 1.7514 -8.9235 -0.066342
1.6905 7.5527 7.2437 0.67486
6.5983 -0.61799 -1.1413 1.1868
-4.1908 -1.2516 0.96018 -0.60329
-1.9489 4.9237 1.3372 1.5158
7.2411 -0.64179 3.6079 1.2004
2.2948 7.2165 -2.5724 -0.7172
9.8238 -0.66976 -8.4354 1.3321
-5.926 -0.03791 -0.87299 1.2817
6.5442 -0.25139 -9.0431 -2.8354
3.5172 -5.4106 4.7651 1.4164
-5.021 -8.289 -9.24 -2.5502
-0.48429 -8.6523 9.0849 0.051658
-2.0185 7.7678 4.8474 0.74546
1.9888 -5.3366 8.749 2.6727
6.0105 7.2319 0.26728 -0.86324
-7.8986 4.2347 -5.1819 -0.87567
6.4288 7.4563 -4.8007 0.56453
6.8217 8.76 5.1795 -1.4558
-2.9099 -7.2062 9.8669 0.76307
-1.3986 -2.122 -2.8659 1.0812
1.4448 9.6113 5.0572 1.1804
4.0165 2.8959 -7.799 -1.6227
4.8494 7.9282 1.9409 1.7981
5.1577 -0.35539 -1.3881 1.1184
-2.2174 -9.7181 4.6144 -0.41279
-1.414 2.4576 -4.7765 -1.0594
9.1269 -5.3781 -8.1038 0.036799
1.4594 0.54868 -0.98073 0.62032
6.9944 4.4998 2.8015 0.44491
-4.4731 2.1483 -7.3592 -0.8646
2.4465 1.7673 -0.94355 0.19988
1.7672 -1.3313 3.044 -1.3147
9.2694 -5.1165 6.54 1.1566
-8.2819 -1.4208 -3.8385 -0.11106
0.0099778 -9.7965 -1.9527 0.082335
0.43179 2.1764 7.6846 0.95376
-8.1967 9.1595 4.0116 0.83695
8.0933 -8.0911 -5.1626 -1.3041
7.6878 -9.2882 5.1966 -0.83202
-1.2202 7.7247 -4.1815 0.93596
5.6345 -5.0612 -4.4512 -0.40256
-7.0307 -9.8217 -9.8778 -1.6274
2.3963 6.2984 -2.5058 -0.42961
-4.7875 -7.19 -1.2613 0.1298
-1.0869 7.5973 -3.914 -2.807
6.88 -8.0925 -4.1828 -1.2984
-6.0759 -2.9488 -5.1497 -1.1254
-3.923 1.8684 8.7337 -1.2821
-0.33411 1.7036 7.2038 -0.21843
-3.2438 3.3536 -2.0554 1.563
5.9697 2.9605 -0.41162 -0.04207
9.7498 -1.3326 1.2999 1.261
-6.819 -7.2048 -0.20761 -1.937
-5.2624 5.0386 -4.6038 -0.58597
4.0447 -5.1643 9.7948 0.41217
-2.4906 3.0092 -6.3265 -0.31632
9.4741 7.1475 7.2331 -0.041824
9.4461 -8.3126 -9.3473 -0.1377
2.874 9.4418 -3.3608 1.7116
7.202 -9.3708 4.9749 1.0842
-1.9623 6.7081 2.8873 -0.7346
2.6386 6.7143 -6.6152 -2.8963
9.7047 -9.0028 9.0441 1.3769
1.1895 0.91772 0.8654 1.3294
8.6718 8.8634 -4.9717 -0.24604
4.4069 -3.5705 1.5714 0.25609
-0.31923 6.1293 8.3095 -0.45192
2.7806 2.028 7.9119 -0.24102
7.7527 5.7924 -0.34987 1.5428
-6.0253 5.9837 -1.1452 1.699
-2.0927 -9.0087 -3.7649 0.77454
9.8435 -4.336 -8.8937 -1.0106
-1.953 3.0691 5.0758 0.65671
3.1771 -0.20689 -7.3611 -0.69202
8.027 9.457 -2.8816 -1.0907
9.9076 4.9698 -2.0826 0.86297
3.0633 1.3568 7.7104 0.15496
-7.8313 -4.0207 -9.5752 -1.4312
-9.2777 -4.8778 6.8816 2.6768
2.3618 7.7313 -4.2386 -0.60278
1.3429 -1.064 -4.9931 -1.38
9.2393 6.3197 -0.23241 0.2602
4.9221 -8.0333 4.5807 -2.2709
3.2503 7.1919 -5.9477 -2.5411
0.46627 -9.4474 -5.6745 -0.25995
-4.8021 7.9831 9.5267 0.81058
9.2399 7.9987 1.8647 -0.19586
0.80408 0.48212 -3.9119 -0.79847
-9.3946 -7.596 9.3541 2.5439
3.9263 -6.4441 7.9194 1.2914
0.39432 4.1222 -6.1995 0.25306
-8.8194 6.6272 -9.964 -2.8942
7.8007 -9.3033 4.2353 1.6264
-3.396 5.1568 7.3545 1.5786
-5.406 9.1422 -7.6338 -1.0304
-7.721 -3.1426 -9.2195 -1.4332
-3.7815 2.7649 1.9639 1.5776
-5.4314 -3.1399 2.0863 -2.2278
3.0399 -5.6706 0.32865 2.8984
-8.6768 5.724 -9.8499 -2.5699
-4.4914 4.4618 3.7787 -2.1858
-4.3636 -4.4232 8.9204 2.5525
7.6013 1.6486 7.4707 1.0376
-1.1134 -1.5799 -7.7345 -0.22002
5.1183 -8.1586 -2.9086 0.51479
2.0659 -9.5195 -5.1613 -0.51387
5.6653 -0.17708 1.2067 -1.5906
-7.7214 -4.4347 2.2545 1.4642
9.5713 -3.2049 -3.9838 0.97422
6.9719 -4.253 5.9628 1.5325
-8.9871 -6.5819 5.9128 1.2949
-0.67596 -2.0147 5.6218 0.91168
-3.4869 3.953 -2.978 -2.0926
2.6041 -5.9265 -8.9141 -1.5515
-5.394 3.3265 4.1741 2.2331
1.5977 -1.1387 9.8586 -0.22315
2.0631 -1.3341 -6.7505 -1.5061
1.9976 -6.4952 -7.7287 -2.1492
-1.0314 -6.136 8.2575 -0.26201
-9.2915 2.3284 -0.36686 -0.36356
0.2763 -4.6198 7.0361 0.78686
-1.8454 1.1936 6.1983 1.0443
-7.8391 8.8957 -6.2648 -0.64644
-0.80249 4.2894 -5.056 -0.51852
-0.98234 3.5844 -8.9162 -0.88875
1.0228 9.1876 2.1792 0.61118
6.1081 5.5067 5.5446 2.2888
4.017 2.1545 0.22128 1.6925
7.4447 8.96 -9.445 -3.7314
-8.9562 -8.8072 9.8077 0.60218
-5.6064 -4.6258 0.018798 -0.24688
-0.80716 9.7336 -3.3601 -1.8073
9.1707 5.4441 -6.5223 0.75035
5.8009 -0.49291 2.5127 -0.80477
-0.96251 3.618 1.5027 -1.1993
-3.3314 -1.6613 5.0197 -0.0016553
-8.8181 -2.397 -6.9296 -0.063501
4.8181 -5.7346 -2.8643 -1.3027
0.13589 -2.3412 -7.121 -0.14545
-6.0015 -9.4066 7.0122 1.1727
-1.4561 -0.55358 -3.2426 0.77324
-6.6262 -3.3325 -4.4961 -0.81739
5.0339 9.5169 -9.8798 -1.3434
-2.633 1.1089 6.0382 0.09238
8.8364 6.9261 -0.051834 -0.81732
-9.6565 -1.8387 0.75686 -0.23608
6.5811 -0.75964 7.4183 2.0406
2.5318 6.5261 4.4569 -0.95489
0.77493 9.8241 3.3617 0.77025
3.0102 0.47895 -6.4234 -0.69082
4.5326 8.5087 1.0099 1.861
-8.1102 4.7804 9.1975 0.015859
7.5515 1.3486 1.9204 -1.1533
-9.7128 9.3756 6.1714 1.2512
-4.1139 6.49 9.6906 -0.54176
-6.4017 9.1922 7.7185 0.47013
8.5259 2.9269 -5.7233 0.7671
-8.6364 -2.4085 -9.3074 0.93544
1.6219 -0.46851 -0.97752 -0.94673
2.743 8.2378 -9.7241 -1.6553
3.0254 -9.7029 -0.52579 2.7669
7.2924 -6.8661 9.0239 0.92506
-8.8809 -0.56864 -5.021 -1.1444
6.3371 0.85983 -2.2715 -0.64201
0.57845 -8.8062 -1.3713 1.7158
3.887 3.1606 6.6177 0.59969
-5.7519 7.7927 6.4929 0.27051
0.8656 -7.8073 -0.94003 -0.22905
4.0504 -1.2445 -2.3888 3.3967
9.1287 -4.3954 8.5174 1.0711
-1.1092 9.7049 4.8169 0.57857
-8.292 2.1752 4.7527 -0.015885
-8.8532 -4.925 8.9383 -1.0921
2.589 -7.3477 0.20199 1.6874
5.9236 0.9001 5.8376 -1.0494
3.8238 6.5561 -0.95653 0.83309
-3.0938 6.7401 6.984 0.32431
8.9363 6.667 -2.1914 -1.6341
0.40381 -5.9257 4.7675 1.8189
9.0763 0.88835 9.5288 2.4834
-8.5281 7.4989 0.46598 0.96706
-5.8594 -7.58 -1.4017 0.62084
5.5006 7.127 -5.8568 0.59161
8.2838 7.9955 -3.532 -1.6291
5.651 -5.6427 -7.7826 -1.1945
-4.0893 -8.4604 -2.4958 -0.15225
-6.9631 -0.5157 -3.4019 -2.2955
6.9582 6.7005 -3.1579 0.14477
5.6971 -0.61213 6.3424 1.1364
-4.5834 -1.7246 0.63371 0.34094
-5.4438 0.054925 0.42244 0.15828
-3.5795 -7.4912 5.4862 0.32978
6.5912 -7.3543 -7.5947 -0.3575
6.4436 7.4095 2.509 -0.22502
1.4137 2.059 -3.067 -0.68298
1.4366 -4.694 -3.3076 -0.35303
-4.2796 7.2961 1.4923 -0.023252
3.9827 -8.8378 7.2788 0.45142
5.9252 -0.84492 -6.0287 1.2858
-1.1682 4.4442 3.449 1.8322
-1.0757 -3.22 8.0366 1.0584
-0.68675 -1.9756 -6.0169 1.0606
-4.4192 0.5396 -4.0343 -0.080759
3.5075 7.8847 -0.069595 1.5638
8.0733 5.5672 7.7981 1.6347
8.1705 -8.6126 0.028292 -1.3979
4.9439 -4.4243 -4.4601 -0.67403
-4.7898 -2.4126 0.67916 0.45865
3.7928 7.2935 1.485 -0.47482
-7.3634 -1.6008 -1.7439 -1.4414
-7.53 -5.2025 -9.7047 1.0683
-6.1819 1.9531 4.0553 1.7243
-7.0854 -0.41191 0.13494 -0.26084
1.7009 7.971 -2.3747 0.3924
-8.5328 8.6942 -8.7014 -0.08934
6.4465 6.3577 -2.8284 -0.70234
4.4581 4.1782 -5.315 -3.1959
8.5172 4.8644 -5.9299 -1.5769
-0.14723 7.9942 6.2756 0.013172
3.0977 -8.6952 -2.1313 1.2651
7.8025 -3.2818 -8.9285 -2.8112
0.77051 -9.9133 -2.499 -1.8623
-4.3559 6.5619 5.4999 0.46831
9.5192 0.14871 -6.694 -0.62371
-9.2715 -2.6768 8.2444 -0.15941
-3.4751 -5.4672 -3.6159 -2.1368
9.4603 0.69663 -3.4044 -0.1505
-2.6993 -4.2103 -5.9153 -2.0425
-3.817 -8.6326 5.3443 2.0688
-7.5818 -8.3006 -8.6005 -0.70169
8.3153 -8.6332 9.0007 1.5141
-7.2904 -1.8037 -6.8358 1.4878
-3.3576 -7.5324 -4.2711 -0.14764
7.9496 -1.1397 3.7426 -1.2206
-0.0070244 7.9788 -7.177 -0.52959
2.3058 -2.9272 0.24173 0.97285
1.6627 -7.5964 4.4265 0.28331
3.9651 1.3822 8.5769 0.52617
-9.4134 7.5007 4.6421 -1.4989
0.55765 -3.0285 4.997 1.0158
-9.3585 -9.1616 -1.8536 -0.57473
6.5428 -7.1532 -5.2102 -1.2592
-3.2003 -8.4681 0.41701 -0.71004
6.9342 4.8105 -5.6185 -0.31735
-5.0786 -0.8695 6.8478 -1.2988
1.6298 3.365 3.2587 -0.88324
8.7535 3.9849 6.3247 0.66031
-9.0443 1.4271 5.8776 1.0826
-8.9204 2.5739 -0.6179 0.9181
-9.5876 7.5553 -3.8095 -0.11756
3.6296 3.247 3.7516 0.045764
1.9726 7.5083 9.737 4.4086
-7.7194 -0.64966 5.3987 -0.081985
5.9249 -7.1733 6.5916 1.7959
2.357 -8.6373 4.1217 0.99193
-8.5957 4.2848 1.9067 1.0431
-8.6144 -3.8403 5.0575 0.82825
-7.2799 3.4233 -0.065556 1.1355
5.7778 3.0484 7.3027 -0.57221
-8.152 0.62098 -8.6394 0.27759
-5.2426 4.3021 9.3709 2.3474
-5.127 0.096212 -8.0249 -0.46806
-7.9036 -0.24001 0.93954 -0.5621
7.1671 -0.043234 -1.9406 -2.861
3.964 8.7195 -7.8592 -1.4942
4.6748 -2.2144 4.4833 2.9001
3.0106 -7.6571 2.2736 1.3355
0.32541 -5.1915 5.6594 -0.57879
-3.4722 3.6982 1.3324 -0.29376
3.2355 6.7851 6.2264 1.6987
-7.6487 9.4029 1.5355 0.15355
-7.0437 -5.6966 8.8806 2.0201
-9.6047 5.2069 7.429 -1.0953
9.2858 1.6821 0.15204 -0.070286
9.4075 -1.941 5.7765 1.1532
-7.5228 0.20081 -0.53939 -1.9122
-0.6518 -0.087116 6.576 0.69141
3.1339 3.0274 -3.5504 -1.0199
-4.1963 4.8741 9.5229 0.82274
5.0907 -3.9609 -4.4358 -1.9817
1.1624 -8.2078 -8.5434 0.56569
-1.4441 6.5193 5.0245 0.44987
-4.6561 -2.2083 6.6238 0.80193
5.0747 5.5061 8.4468 3.4559
7.9675 -6.4126 -3.4595 -1.0152
4.5689 -7.8128 6.0814 3.0106
-1.8634 8.1032 0.76501 -1.5676
8.7663 7.527 -0.7341 1.7391
-4.8915 9.9959 6.415 0.41323
0.66326 7.2851 9.0381 -0.15444
9.0951 -9.2624 -8.4745 -1.7224
-4.645 0.89365 4.1734 0.11473
-4.9983 9.9523 -5.3015 -1.3407
8.5535 0.22016 -2.0221 1.3958
-8.6284 7.4702 -4.6375 -2.8515
-4.012 -8.5956 6.6503 -0.60356
1.8317 9.7508 9.9075 1.284
-5.934 8.4543 2.995 0.39875
2.7177 1.2852 4.0791 0.44357
5.9674 -1.3708 8.6461 -0.98409
0.034021 -3.2431 3.7531 0.068401
3.0162 4.4145 1.3671 1.1244
5.9191 -9.7269 -2.383 -0.92595
-5.3325 -2.5188 2.6916 2.8184
2.0168 8.4537 -2.7354 -1.8714
-7.7508 0.92959 -1.8476 -1.1314
0.31531 -0.52226 -2.626 0.40568
6.7568 -0.069254 -0.63202 0.43385
8.4158 -3.8206 0.068277 -2.6392
-0.035441 9.0168 8.2107 0.11504
-4.4478 9.6399 -5.8714 -0.36979
3.0504 0.27126 -3.2279 0.3974
8.346 9.8518 1.4825 1.1788
0.19679 -0.88313 -0.26135 0.24578
9.4838 -1.4792 -4.7556 -0.32875
-6.0544 -5.7357 1.5919 0.43882
-7.7763 -6.135 7.5666 0.5209
-4.0529 6.6551 -8.781 -0.89656
-2.0716 4.5327 -1.1825 0.27581
-1.5849 0.59491 -8.3148 -2.9653
-3.7705 6.5816 1.2648 0.54783
3.8769 0.23749 0.78621 -0.78007
-8.1626 1.0392 5.3612 0.83809
-1.9582 -5.7343 -5.3382 -3.6145
-4.0964 1.7564 1.7472 -1.1657
-3.8701 -7.1447 -0.82052 0.59629
-7.8888 -8.9555 7.2196 1.683
1.8766 3.6662 3.2167 2.7664
-4.3454 2.1712 -2.9224 -0.22676
-6.8956 -5.6069 -3.0563 -0.098314
-9.9868 -1.8744 -4.9256 -0.035416
-4.3281 2.5982 9.0506 0.66738
1.0162 1.1062 -4.036 1.0436
7.418 -7.4484 -6.8319 0.53022
-9.1549 -6.616 -2.7741 -1.4403
8.0944 -9.98 4.8326 0.6438
-7.3805 -1.6368 4.118 -1.246
6.6746 -0.23029 4.0178 -2.4761
6.0094 -6.8026 -9.8755 -1.3728
8.3576 3.3368 -2.5131 0.90328
-7.2539 -9.6416 8.0299 0.82318
0.094646 -7.6065 -3.6331 0.562
-1.9008 9.0425 1.9417 0.30176
-6.5286 9.5171 -4.0441 2.3799
1.5037 -9.3817 -7.4997 -2.4417
2.1244 -0.12236 -2.2329 -0.38102
-5.7111 7.2544 6.3538 2.6267
0.39865 -5.1425 9.6235 1.3084
9.7837 6.6854 7.2398 0.50205
-0.2017 6.2718 -8.3236 -1.0474
3.8975 2.5795 -3.2458 -2.0269
-1.7716 -9.9552 -5.2774 -3.1704
-9.3045 -2.4055 -3.6439 -0.084284
-4.1434 8.0881 9.689 -1.6259
6.0288 3.607 0.96502 -1.7991
-3.07 -2.4235 4.985 1.354
-8.3337 2.6391 6.837 2.0716
0.22213 -5.1346 -6.6622 -0.35726
-2.6633 1.4283 8.062 -0.073891
4.7896 9.6346 -7.8975 0.077037
0.4948 6.9936 4.9019 0.97955
6.0904 -4.3311 4.5874 0.48502
6.3382 3.6492 4.3494 1.0879
-6.2106 -2.8375 -7.3314 -0.08837
-7.5261 9.7385 -1.0842 1.6087
6.4199 -8.3203 0.17574 -1.3984
2.758 -4.9939 0.60981 -0.8337
-9.6776 6.2269 7.1943 -0.11956
7.9191 -8.3115 3.5545 1.4355
0.3075 0.62508 6.1168 2.5448
0.89044 6.0125 0.62486 -2.7403
2.1288 4.7765 9.1179 1.0704
5.2087 -7.1667 -8.6665 -0.84828
7.1069 -1.2421 0.83036 -0.95721
-2.3426 -2.9924 -4.3668 -0.66123
-8.307 -0.43005 -0.38199 0.8076
4.6775 1.7481 3.6973 1.7014
-3.3602 -7.0839 -5.8348 -1.6733
6.795 8.1066 2.1632 -0.36077
-2.5655 2.8039 -3.4765 -0.1241
6.5643 -6.7412 7.6169 -0.37364
-6.4696 1.3182 -7.3321 -2.309
-7.4096 8.6323 -7.9518 -1.0112
7.5977 5.662 9.1823 1.6824
-9.1184 3.7137 -6.942 -0.083682
3.7344 -0.67561 -6.9492 -1.3904
4.6755 -4.7936 -6.8889 -1.6117
-1.2566 1.3854 -8.2086 -4.1493
-2.4032 -5.0246 -0.91151 -1.4894
9.5931 -3.614 3.3779 1.5789
-2.0201 8.216 6.626 0.89025
-1.1963 7.7044 5.8047 0.65741
-6.8638 5.8918 4.2542 0.24842
-3.4793 8.5162 -0.54805 -1.2805
-3.7188 -6.4232 4.1718 0.72041
7.89 0.35082 9.1612 3.3058
-5.0595 2.5401 0.11551 -0.30883
-3.7864 8.2636 -3.8989 0.73465
-1.8226 3.2794 5.7962 0.12367
4.1602 -2.2161 -5.2723 -0.13478
-7.1272 4.8002 -5.3139 1.253
7.4264 6.3527 -0.70601 1.1871
-8.3369 2.0069 2.3877 0.39266
-0.76524 -8.3001 2.3066 -0.72063
-9.3922 8.4472 -7.5475 0.01416
5.064 -8.928 -7.5241 -1.9317
4.0009 0.5405 -4.3108 0.3362
-5.7098 -7.6229 4.7147 1.3011
3.5981 -2.3971 -1.7738 -0.67335
1.1459 6.2567 6.5796 3.0965
7.0136 -5.1181 8.7023 1.8004
1.1713 7.6885 -2.0187 0.071943
8.0355 4.2529 -8.9558 0.27148
-1.6096 -2.437 1.4237 -0.13546
-2.8374 -5.0216 4.9534 1.2792
-0.22025 -4.9429 -3.5951 -1.0617
-4.8808 5.3449 -0.14131 -1.9464
8.5834 -9.0028 -5.5669 -0.89364
-0.66486 3.7058 8.7855 0.79496
-4.9198 2.4056 -0.35389 -0.83539
-1.3756 4.9337 0.79992 -0.28282
4.0506 9.5451 -5.5789 0.79313
-1.9534 -2.3217 -8.0811 -2.9677
-6.3632 -4.7959 -8.7967 -2.6604
7.125 7.5494 6.3902 1.4598
1.684 6.1219 5.4296 -1.9845
-2.5284 -0.77758 -6.0861 0.76082
-5.5661 -8.1808 7.9024 2.7681
-5.6201 1.2854 3.686 -2.2307
0.44465 -6.2523 3.1369 -0.17017
-1.3315 0.63379 9.8076 -0.94173
4.8261 -2.8993 -9.3262 -1.8322
-8.591 -3.7043 -1.5149 -0.17689
6.9467 4.5348 -0.20033 -1.585
3.5976 0.31546 1.6701 1.6915
-7.267 5.8129 -8.3346 0.74839
7.168 -5.9101 3.2031 0.70075
-6.0033 3.5621 -8.9539 -0.93759
2.1468 -8.9503 1.1366 -1.5875
0.8609 6.0234 4.2405 -1.7008
-6.7535 3.5714 -0.24179 -0.32896
-9.8869 8.9202 2.352 -0.10081
5.4297 -8.1688 -5.7244 -1.4602
5.2958 8.1688 2.9132 1.5413
-1.5786 0.19906 -2.3872 -0.61892
-8.8637 2.2981 -7.9257 -1.2294
1.7149 -3.6786 -2.4498 0.30375
-6.5169 -8.4503 -4.7428 -1.0984
4.5722 7.0123 -5.1743 0.27604
0.68582 -7.1095 2.4585 2.4766
-4.9387 -2.5903 0.45856 -0.89393
8.3411 2.4478 -1.7352 2.4617
5.1639 9.951 -5.6442 1.0223
7.7406 0.34688 7.1711 0.0084367
-8.624 9.8102 7.2202 1.6147
-6.3294 -5.4693 -4.3212 0.69034
4.7415 -2.0399 2.3079 2.1829
3.9343 3.9314 5.5898 0.37711
5.5399 -8.7072 9.0969 3.446
0.038068 4.9532 8.3921 1.2901
-1.4901 -1.592 -2.3037 -0.99813
2.2247 6.2263 -6.7471 -0.49126
7.1154 -2.4079 5.935 2.5124
3.4159 -3.6186 -7.7237 1.2244
0.47184 9.721 -6.8235 -2.8576
-4.0237 4.3636 -2.8834 0.56179
4.0794 -1.7363 6.9552 -0.67859
-2.3678 -8.0274 1.6556 2.2022
1.3537 4.6912 1.7236 -0.65651
7.7572 2.7461 8.5168 2.8188
6.859 -8.5232 1.5016 -1.4169
7.976 -7.5898 -9.8005 0.54531
8.7801 9.6319 6.1875 -0.45411
6.3087 -0.064012 2.1762 1.325
-9.9728 -9.5517 -0.40173 -1.3962
-9.9382 -8.9234 -4.6312 0.5169
-8.2506 -7.1825 -4.8381 0.35403
-4.7855 7.8695 -0.37981 -0.81864
-9.544 -0.6836 -5.4532 -1.273
-1.5183 1.2171 -9.028 -1.2553
-3.1787 -0.11087 -6.6152 -1.3525
0.82708 -8.6443 -4.8311 -1.2733
