-0.50184 0.79265 0.47594
1.8029 0.14439 10.431
0.92798 -0.76189 1.1165
0.39463 1.2552 2.5674
-1.3759 0.73892 3.9382
-1.376 -1.3495 7.0101
-1.7677 1.6437 17.146
1.4647 1.2901 7.419
0.40446 1.7992 10.499
0.83229 0.90288 0.97828
-1.9177 0.45366 13.609
1.8796 -0.32703 12.515
1.3298 1.7309 12.13
-1.1506 1.4643 6.2222
-1.2727 -1.8191 13.466
-1.2664 -1.8945 15.56
-0.78303 -0.49415 0.43161
0.099026 1.2422 2.4494
-0.27222 1.9491 14.441
-0.83508 -1.3983 4.3126
0.44741 0.37652 0.154
-1.442 -0.47644 4.324
-0.83142 1.8797 12.97
-0.53455 1.3685 3.5425
-0.17572 1.3533 3.3118
1.1407 -0.12523 1.6625
-1.2013 -0.34072 2.1183
0.056938 -0.90637 0.62701
0.36966 -1.7745 10.059
-1.8142 1.4589 15.273
0.43018 1.2516 2.4695
-1.3179 1.9989 18.937
-1.7398 1.9865 24.881
1.7955 0.22173 10.416
1.8625 1.0759 13.477
1.2336 1.7791 12.185
-0.78154 1.3986 4.2259
-1.6093 -1.0106 7.8396
0.73693 -0.19782 0.30468
-0.23939 -1.4834 4.9514
-1.5118 1.8162 16.053
-0.019292 0.4247 0.17347
-1.8624 -1.0854 13.65
1.6373 0.6868 7.3723
-0.96488 0.47251 0.87205
0.65009 -0.56735 0.42755
-0.75316 -1.5458 6.189
0.080272 0.68629 0.16959
0.18684 0.081231 -0.040756
-1.2606 1.0893 3.9048
1.8783 0.080654 12.313
1.1005 1.4087 5.3133
1.758 0.20763 9.4529
1.5793 0.24375 6.1479
0.3916 1.5066 5.1724
1.6875 -0.38607 8.1547
-1.646 -1.4639 12.089
-1.2161 -1.8849 14.709
-1.8191 1.0205 12.133
-0.69868 0.48124 0.27053
-0.44529 0.81632 0.47843
-0.9146 -1.1481 2.505
1.315 -1.4545 7.3533
-0.57299 -1.9418 14.364
-0.87626 -0.59765 0.7338
0.17078 0.35967 0.066831
-1.4363 -0.43102 4.3193
1.2088 -0.2501 2.3845
-1.7018 1.6166 15.154
1.9475 -0.60698 14.469
1.089 0.055958 1.344
-1.2051 1.1346 3.711
-1.9779 -0.41383 15.27
1.2618 0.48835 2.7111
0.82743 1.4495 5.0246
0.91603 1.7981 11.1
1.0851 -1.4117 5.2747
-1.7038 1.7064 16.952
-0.56614 -0.031535 0.047506
-1.5365 -0.96702 6.5116
1.4524 -0.16346 4.471
0.49319 1.9201 13.501
-0.67641 -0.029528 0.36408
-1.7458 -0.68499 9.6882
-0.75607 0.5336 0.34657
-0.69927 -1.0394 1.3676
0.91842 -1.6965 9.0245
0.55023 -1.4845 4.9813
1.5489 -1.4878 10.721
-0.11114 -1.3924 3.9599
-1.5216 -1.4447 9.6992
0.85298 0.5635 0.55036
1.0431 -1.2725 3.6679
0.24511 -0.61733 0.075752
1.0839 1.5872 7.7224
-0.024818 -0.10415 0.17957
0.090931 0.67023 0.1501
-0.28984 -1.3107 2.9809
-1.8983 -1.2308 15.28
-1.5684 -1.8365 17.546
-1.8743 -1.3243 15.669
0.54564 -0.88564 0.65077
-0.74258 -1.292 3.0412
0.034283 -1.6452 7.4304
1.6303 -1.5175 12.434
-1.0028 -0.15688 1.1966
-0.35847 -1.1747 1.9789
1.0222 -0.54292 1.1428
-1.0848 0.013669 1.4439
-1.6921 0.76158 8.6448
-0.84099 -1.8428 12.113
-1.3551 1.1976 5.4802
1.7188 0.5116 8.9027
1.2325 -1.673 10.258
0.53362 1.4943 5.2055
1.4858 1.6835 12.971
1.2147 -1.7557 11.662
-1.2537 -0.89249 3.1197
1.5702 1.2248 8.4505
0.15737 0.99304 0.89136
1.2298 -1.2619 4.8598
1.5844 -1.1626 8.0888
-0.72799 -0.51811 0.3558
-1.5598 -0.061908 6.0471
-1.0883 0.47302 1.4718
-0.29157 -0.52435 0.087462
1.2721 -0.14986 2.4829
1.4429 0.98988 5.3696
-1.9722 -1.8533 26.99
0.042989 -0.99025 1.1779
-0.33036 0.8534 0.51154
-1.1116 1.5808 7.7937
-1.5205 0.04671 5.3705
-0.64954 0.12845 0.33602
1.7716 -1.5713 15.938
-0.70719 -0.21035 0.27998
0.075162 0.13047 0.061111
0.81208 -1.0301 1.5796
-0.54548 -0.92303 0.76976
1.8871 -0.49086 12.76
1.8498 -1.9197 25.397
-0.99287 -0.71168 1.1257
-0.011006 -1.1542 1.788
-0.79649 -0.69001 0.55913
-0.86064 -1.521 6.0195
-1.8525 1.5621 17.578
0.43826 0.37437 0.0006413
0.010716 0.71641 0.30114
-1.7941 1.1567 12.307
-0.88541 -0.0062312 0.60802
1.6331 -1.6523 14.511
-1.0418 0.14843 1.3664
-1.4204 0.34736 3.9404
-0.042189 0.98176 0.70913
1.9426 -0.27336 14.29
-1.0318 -1.4897 6.0077
0.68854 -0.8649 0.68221
1.0465 -0.54767 1.3601
-1.0494 0.58367 1.3534
0.91287 0.28311 0.64444
-0.52887 -0.57561 0.059982
0.52922 1.9461 14.508
0.53412 0.4231 0.17845
0.1431 -1.0511 1.2111
-1.6388 -1.5929 13.836
1.3412 -1.3886 6.8464
-0.71688 -1.0162 1.1778
-1.2539 -1.3573 5.7967
-1.8369 -1.2537 13.851
0.36357 -0.85962 0.58785
0.71026 -1.3065 3.1441
-1.9336 1.5871 20.359
0.048372 -1.6791 7.8231
-1.094 0.098046 1.577
0.58069 -0.35841 0.12199
-1.3025 1.9295 16.851
0.76375 -1.5518 6.1741
-0.45306 -0.40858 0.11568
1.7469 1.8779 21.806
-1.4499 1.462 9.0333
-0.63573 1.2683 2.8151
-1.5461 -0.96839 6.7266
1.6988 -1.3164 11.351
1.5094 0.67457 5.468
-0.96823 1.7175 9.5713
0.63994 0.22705 0.31437
1.2689 0.28645 2.5314
0.2208 -0.88008 0.78239
0.1186 1.078 1.3465
-1.0326 -1.2518 3.4495
-1.6276 -0.70528 7.2777
1.5889 -0.29825 6.3128
1.6017 0.030442 6.6651
0.53241 -1.0304 1.1422
-0.64388 -1.5407 5.7613
-0.60316 0.44248 -0.018267
0.90382 -0.84548 1.1331
1.5884 0.32495 6.135
1.5483 -1.3825 9.2426
1.1195 -0.07544 1.6468
0.56813 0.13036 0.18305
-1.6634 -1.7927 18.027
-1.3535 -0.65358 3.4417
1.5942 -1.4623 11.028
0.42572 -1.7465 9.3366
-1.9632 1.9598 29.492
-1.5941 -0.71058 6.863
0.65401 1.2395 2.6311
-1.9798 -0.98144 16.268
-1.3568 0.72601 3.6691
0.19494 1.0409 1.1962
0.76758 0.38255 0.16438
0.60785 -0.1137 0.11196
-1.1029 -0.35264 1.427
0.84872 -0.60453 0.55226
-1.051 1.7181 9.9059
-0.6984 1.3225 3.4765
0.98597 1.8601 12.981
0.59853 -1.5028 5.1718
1.3969 0.92347 4.5921
0.63045 1.7534 9.7491
0.27323 -1.2751 2.7413
-1.6253 -1.734 16.025
-0.52914 0.96448 0.87902
-0.93919 0.29789 0.85576
-1.024 1.3673 4.6343
1.892 -1.4409 17.215
-0.42761 1.1811 2.0428
1.5682 -1.1935 8.1816
0.52455 -1.3454 3.2984
1.1792 -1.3429 5.3181
0.010548 1.2583 2.5266
0.30762 0.66079 0.40714
-0.029929 0.092262 -0.068846
-1.219 -0.56468 2.4836
0.88981 1.5088 5.8291
-0.87691 -0.43022 0.56043
-1.9027 1.2664 15.631
0.58189 -0.24346 0.086125
-1.2916 -0.49222 2.8837
1.7618 -0.14928 9.688
1.8157 -0.79449 11.21
1.6595 0.99044 8.5433
-0.51937 0.010882 0.28699
-1.9382 -1.0711 15.601
1.7133 1.5983 15.185
-0.28726 -0.46444 0.057136
1.8666 0.17421 12.153
1.8545 1.6259 18.877
1.412 0.49695 3.9342
-0.8222 -1.5324 5.9457
-0.45961 1.7593 9.4583
1.4045 0.51083 3.9998
-0.73231 -0.66038 0.5425
-1.322 -1.4429 7.341
0.22721 1.1761 2.0733
1.7446 0.48029 9.1947
0.78412 0.13384 0.23192
0.28024 1.5756 6.191
-1.6113 1.1544 8.6212
0.46003 -1.3933 3.9818
1.9602 -0.75311 15.04
-1.4397 -1.006 5.4281
0.073319 0.97579 0.90278
1.5095 -1.8659 17.295
0.96307 0.27956 0.95475
0.78806 1.0498 1.6657
0.80994 1.5071 5.4312
-0.56204 -0.63167 0.40665
-0.82563 1.285 3.3295
1.2374 -1.5575 8.1664
1.2405 1.3858 6.0954
1.4683 -1.49 9.6266
1.653 -0.41085 7.5199
0.04537 1.1892 1.9448
0.0060652 -1.4003 3.7781
1.1932 -1.083 3.4
0.59986 0.88901 0.87138
0.80787 0.88015 1.0804
1.1832 0.56459 2.0242
1.56 0.77579 6.3621
-0.64802 0.1709 -0.10766
-0.49767 -0.9928 1.1477
-1.6241 -0.61722 6.9281
0.31312 -1.2736 2.6045
-1.8562 1.6338 18.885
-0.13761 0.33357 -0.11673
0.17058 -0.39659 0.14167
-0.85383 -0.15198 0.48525
0.36333 1.7891 10.298
-1.878 -1.3866 16.131
-1.8506 0.34492 11.791
1.2904 0.023555 2.7804
-0.55924 0.44582 0.0090138
-1.4918 -1.9276 18.857
0.088973 1.4885 4.8597
1.08 1.7285 10.131
-1.1367 0.26053 1.6314
0.49156 0.7866 0.59131
-1.6586 1.69 15.81
-1.7933 0.82895 10.779
0.12542 -1.3898 3.6967
0.16254 0.30515 -0.022794
0.54972 0.42686 0.33219
0.90437 -0.30348 0.7156
1.9034 0.94578 13.969
0.065201 1.7375 9.2162
-0.70817 1.7023 8.6723
1.1807 -0.19664 1.9193
-0.91667 -1.547 6.4146
-0.24411 1.9394 14.143
-1.6862 1.3556 11.457
-1.8986 -1.5013 18.147
1.8506 1.6834 19.764
1.3439 1.4796 8.1278
0.7839 0.075352 0.36956
-0.36419 0.3651 0.043224
-1.3068 -0.40399 2.7433
-1.3743 -1.781 13.719
-0.99903 -0.65921 1.2196
0.19691 1.2114 2.2549
0.85838 -1.9815 15.669
0.64079 -0.666 0.57418
-0.88026 -0.40733 0.61398
1.8195 0.14958 11.07
0.95159 1.6794 8.671
0.21742 -0.61462 0.20621
0.44688 -0.61219 0.074995
-0.3216 0.95 0.76284
-1.0091 -0.19113 1.2295
-0.57611 -1.1016 1.5636
1.0314 -0.19024 1.1546
-1.9424 -1.4366 18.582
-1.5357 -1.2945 8.4193
-1.816 -0.0065289 10.891
-1.8371 -0.3243 11.437
1.4218 1.6594 11.909
0.81463 -0.55042 0.52642
-0.1033 0.32235 0.031021
-1.6087 0.52906 6.8801
-0.033536 -1.9476 14.499
-0.10611 0.65415 0.30194
-1.3072 -1.2879 5.7346
-0.26459 1.8443 11.46
-0.40598 -1.4053 4.0912
0.4634 -0.3415 -0.05492
0.54037 -1.6586 7.6833
-1.8188 1.9875 26.471
-0.50155 0.00878 0.056865
0.50344 0.38154 0.11831
0.012545 -1.7317 9.0247
1.426 0.99984 5.1761
0.63477 -1.1604 2.1367
-1.3483 1.5922 9.7768
-1.7177 -1.1794 10.617
0.56968 -1.2372 2.545
-1.894 -1.8538 24.796
0.3431 -0.11173 -0.10875
1.7609 0.25936 9.6795
0.3019 -1.7372 9.1852
-0.44732 1.1021 1.4857
0.57315 -0.18684 0.2467
-0.16699 0.097561 -0.014137
0.18247 -0.23695 0.016818
1.7659 -0.39695 9.7311
-0.45559 0.23856 0.047879
1.8448 -1.379 15.088
1.6214 -1.2723 9.3876
-1.2168 1.4471 6.7377
-1.7226 1.7845 18.859
-1.5969 -0.50676 6.4696
-1.9271 -0.91702 14.284
-1.6222 0.576 6.9716
0.73203 -0.36506 0.1726
-1.7152 -1.8985 21.81
-0.7241 -1.3754 3.9544
1.3795 0.86389 4.1097
-1.9069 0.6357 13.611
1.2579 -1.8916 15.405
-0.87258 -1.1121 2.0769
-1.5273 -1.0757 6.5308
0.78695 0.68757 0.83611
0.51577 -1.9212 13.554
1.5099 -1.5836 11.321
0.94028 1.1997 2.9552
1.2139 -1.2858 5.149
-0.87186 0.61098 0.8556
-1.2902 -1.0473 4.0306
1.0025 -1.6022 7.6596
1.2273 -1.0273 3.4683
1.962 0.88907 15.52
-0.34953 1.4228 4.1409
-0.51193 1.3209 3.1232
1.1057 -0.41127 1.5168
-0.63679 0.67234 0.29337
1.723 -1.1801 10.725
1.4337 -0.82741 4.5239
-0.28402 1.5853 6.3134
1.0035 -1.948 15.315
1.0182 -1.658 8.5205
-1.5875 -1.1685 8.2333
1.6102 -1.8939 19.726
0.021009 -1.2743 2.7283
1.3058 0.33217 2.7628
-0.7198 -0.3143 0.17924
1.5821 1.5707 12.446
-0.44319 1.2698 2.5399
-1.9566 -0.63273 14.795
1.6215 -0.96231 7.826
-1.6349 -0.48123 7.1004
-0.72275 0.36118 0.30042
1.8002 -0.92775 11.111
1.8024 0.4966 10.555
0.29375 -0.36235 0.056664
0.52735 0.20819 -0.080083
-0.20622 -0.25549 0.050117
-0.82716 -0.82214 0.923
-0.68534 1.7938 10.63
0.69007 1.0544 1.4853
1.0095 -1.4395 5.4694
1.1663 1.4739 6.5818
1.1585 -0.050275 1.7582
-1.6352 1.5782 13.365
-0.022319 1.1994 2.1239
-1.7698 -0.29915 9.8227
0.19812 -1.9101 13.318
-0.23388 -0.92529 0.66581
1.5508 0.16654 5.7187
-0.59634 0.53391 0.067467
-1.5317 -0.96845 6.5593
-1.428 -1.4426 8.3649
1.046 1.3397 4.3495
0.47287 1.9376 14.073
-1.5955 0.10276 6.5699
-1.6636 -1.3133 10.604
0.80388 -0.91077 1.2304
-1.7089 -1.9264 22.235
1.2874 1.6572 10.317
0.82497 -1.529 5.8451
-1.6746 0.30607 8.0874
-1.6606 -0.90378 8.1536
1.9466 0.21671 14.39
-0.50292 0.60568 0.26193
-0.51743 1.319 3.1395
1.2512 -1.1743 4.3339
1.789 -1.956 24.869
1.944 -1.4525 18.737
1.0135 1.6001 7.5953
-0.49496 1.4956 5.1592
-1.666 0.38965 7.9478
1.1086 0.40207 1.4807
0.23362 0.66015 0.055914
-0.30311 -1.2985 2.8427
1.6254 1.6576 14.788
-1.5552 -0.32492 5.7808
-0.0295 -0.46745 0.21166
-1.9546 0.075671 14.763
-0.12536 -1.8121 10.728
-1.7748 -1.3349 13.154
-1.5247 0.95213 6.3894
-1.5299 -1.6688 13.196
0.59684 0.41261 0.13552
0.98418 -1.0186 1.9566
0.33348 -0.44282 -0.050659
1.8487 -0.84523 12.126
-0.50052 -0.57731 0.051445
-0.85715 0.87618 1.1326
1.4744 -0.81151 5.0823
-1.1056 0.26562 1.5226
1.8529 -0.095798 11.631
-1.9514 0.65468 14.717
1.8795 1.7473 21.884
-1.8274 0.93029 11.7
1.5646 -1.1402 7.7199
0.1108 -1.8753 12.49
1.9719 -0.95094 15.815
-1.7048 0.38031 8.6353
0.21542 -1.7943 10.409
1.8772 -0.014535 12.347
0.092391 0.38737 0.017013
0.51759 -0.66302 0.32085
0.78299 1.0836 1.7624
-0.18184 -1.5736 6.1867
0.51023 -1.6994 8.317
0.33726 0.91276 0.72397
1.6046 -0.018035 6.4885
-1.8182 0.75361 11.24
-0.87615 -0.26069 0.50349
1.8016 -1.0144 11.521
1.5611 1.2764 8.7164
-0.17737 1.1977 2.1676
0.48053 0.77879 0.48208
-0.89048 -0.91142 1.2096
-1.2475 0.36092 2.4074
-0.14521 -0.5561 0.21739
-0.58659 -1.6337 7.2555
0.33462 1.6693 8.0086
-1.6891 -1.4527 12.632
1.8976 1.8009 23.505
1.9448 -0.21598 14.278
